==================================================================================
STEP 5 MAIN RUN -- armA_seed1_ens5
==================================================================================
  arm A: state branch feeds back its own SAMPLE (autoregressive, faithful)
  auxiliary branch: teacher-forced in BOTH arms (system_dynamics.py:264)
  ensemble 5, batch 256, lr 0.0001, weight_decay 1e-05, 2500 iterations
  action alignment: causal, offset=1 (X-05)
  gradient clipping: NONE -- the reference has none in this path (5.7a)
  7687 training windows from episodes [0, 2, 3, 4, 5, 6, 7, 9]

    iter      state     bound   contact    termin      total    |grad| exp(logdel)      s
       0   44.99018 1.000e+00   0.69654 6.932e-01   47.37997    20.866    0.999900      6
      25   39.45020 9.975e-01   0.61702 3.700e-01   41.43475    11.521    0.997425    185
      50   28.57183 9.951e-01   0.41097 2.065e-02   29.99850    10.494    0.994956    355
      75   21.90326 9.926e-01   0.36289 6.080e-03   23.26482     8.925    0.992501    493
     100   20.15214 9.902e-01   0.34629 3.890e-03   21.49248     7.458    0.990058    629
     125   18.53155 9.877e-01   0.32543 3.105e-03   19.84781     8.784    0.987631    767
     150   14.68303 9.853e-01   0.27764 2.765e-03   15.94876     6.508    0.985229    904
     175   12.85858 9.830e-01   0.20508 2.817e-03   14.04947     6.138    0.982897   1043
     200   11.70226 9.808e-01   0.13823 2.813e-03   12.82406     8.014    0.980665   1181
     225   10.96732 9.786e-01   0.09705 2.541e-03   12.04549     7.302    0.978490   1319
     250    9.78147 9.764e-01   0.08247 2.009e-03   10.84236     7.256    0.976320   1456
     275    9.96462 9.742e-01   0.07381 1.622e-03   11.01428     6.823    0.974139   1592
     300    8.56980 9.720e-01   0.06291 1.268e-03    9.60601    11.811    0.971947   1730
     325    9.31617 9.698e-01   0.06270 1.021e-03   10.34973     7.158    0.969745   1868
     350    9.80936 9.676e-01   0.07170 8.345e-04   10.84952     8.018    0.967537   2006
     375    7.56063 9.654e-01   0.05861 6.722e-04    8.58532     7.306    0.965323   2144
     400    7.90973 9.632e-01   0.05443 5.942e-04    8.92795     8.026    0.963106   2280
     425    6.03124 9.610e-01   0.04880 4.905e-04    7.04151     4.983    0.960886   2417
     450    6.04456 9.588e-01   0.05139 4.230e-04    7.05513     7.319    0.958664   2554
     475    6.11764 9.565e-01   0.04832 3.625e-04    7.12286     6.834    0.956442   2692
    [checkpoint 500]  e@8 0.4021  e@368 1.0598  nRMSE@8 0.3337  nRMSE@368 1.5243
     500    6.82638 9.543e-01   0.05353 3.111e-04    7.83453     8.974    0.954221   2837
     525    6.35538 9.521e-01   0.05785 2.684e-04    7.36559     7.921    0.952000   2973
     550    6.48258 9.499e-01   0.04769 2.406e-04    7.48038     7.277    0.949780   3109
     575    8.32319 9.477e-01   0.05547 2.109e-04    9.32652     7.084    0.947563   3245
     600    6.56058 9.454e-01   0.05380 1.880e-04    7.56000     9.928    0.945348   3383
     625    5.78297 9.432e-01   0.04828 1.689e-04    6.77464     7.904    0.943136   3520
     650    4.45404 9.410e-01   0.04722 1.495e-04    5.44243     6.464    0.940927   3657
     675    4.86873 9.388e-01   0.04631 1.362e-04    5.85398     6.199    0.938721   3793
     700    5.04107 9.366e-01   0.04141 1.264e-04    6.01921     6.550    0.936519   3930
     725    5.34746 9.344e-01   0.03866 1.200e-04    6.32064     6.267    0.934320   4067
     750    4.42362 9.322e-01   0.03753 1.078e-04    5.39346     6.141    0.932126   4204
     775    4.62914 9.300e-01   0.03497 1.017e-04    5.59424     6.223    0.929937   4342
     800    6.39058 9.278e-01   0.03919 9.412e-05    7.35770    13.272    0.927751   4478
     825    5.31295 9.257e-01   0.03481 8.567e-05    6.27351     5.960    0.925570   4615
     850    3.95636 9.235e-01   0.03015 8.015e-05    4.91007     6.109    0.923394   4752
     875    4.09356 9.213e-01   0.03109 7.544e-05    5.04604     7.022    0.921223   4889
     900    3.51426 9.191e-01   0.02838 6.853e-05    4.46186     6.515    0.919056   5027
     925    3.85147 9.170e-01   0.03187 6.533e-05    4.80039     7.232    0.916895   5165
     950    3.47141 9.148e-01   0.02768 6.061e-05    4.41397     6.765    0.914738   5301
     975    4.00116 9.127e-01   0.02968 5.704e-05    4.94357     8.045    0.912587   5438
    1000    3.59441 9.105e-01   0.02569 5.312e-05    4.53068    10.303    0.910441   5575
    1025    4.29755 9.084e-01   0.03105 5.087e-05    5.23704     7.232    0.908300   5714
    1050    3.73195 9.062e-01   0.02552 4.838e-05    4.66376     6.383    0.906165   5853
    1075    4.38183 9.041e-01   0.03152 4.483e-05    5.31751     8.310    0.904034   5990
    1100    2.80395 9.020e-01   0.02342 4.418e-05    3.72940     8.247    0.901910   6127
    1125    3.18203 8.999e-01   0.02660 4.177e-05    4.10854     8.503    0.899790   6264
    1150    3.84049 8.978e-01   0.02708 4.063e-05    4.76537     9.914    0.897676   6401
    1175    3.22609 8.957e-01   0.02330 3.879e-05    4.14507     6.669    0.895568   6539
    1200    3.68700 8.935e-01   0.02455 3.765e-05    4.60514     7.280    0.893464   6676
    1225    3.33203 8.915e-01   0.02236 3.613e-05    4.24588     8.393    0.891367   6814
    1250    3.66755 8.894e-01   0.02520 3.461e-05    4.58214     5.397    0.889275   6951
    1275    3.04487 8.873e-01   0.02135 3.398e-05    3.95352     7.484    0.887188   7088
    1300    2.84884 8.852e-01   0.02080 3.389e-05    3.75486    12.418    0.885107   7225
    1325    3.28069 8.831e-01   0.02115 3.314e-05    4.18499     7.906    0.883031   7363
    1350    2.41923 8.810e-01   0.01725 3.308e-05    3.31755     6.363    0.880961   7500
    1375    2.84169 8.790e-01   0.01705 3.151e-05    3.73775     5.166    0.878897   7636
    1400    2.63416 8.769e-01   0.01889 2.992e-05    3.53000     7.984    0.876838   7773
    1425    2.74712 8.749e-01   0.01745 3.044e-05    3.63947     6.023    0.874784   7909
    1450    2.46711 8.728e-01   0.01566 2.875e-05    3.35561     5.588    0.872736   8046
    1475    2.74667 8.708e-01   0.01771 2.813e-05    3.63519     5.450    0.870694   8184
    1500    2.05312 8.687e-01   0.01468 2.745e-05    2.93657     6.703    0.868657   8322
    1525    3.26699 8.667e-01   0.02014 2.828e-05    4.15386     6.488    0.866625   8458
    1550    2.61118 8.647e-01   0.01708 2.575e-05    3.49296     5.101    0.864599   8595
    1575    2.56360 8.627e-01   0.01698 2.675e-05    3.44327     6.000    0.862578   8732
    1600    2.44352 8.606e-01   0.01498 2.663e-05    3.31918     6.677    0.860563   8872
    1625    2.35351 8.586e-01   0.01287 2.434e-05    3.22503     6.051    0.858553   9013
    1650    2.91096 8.566e-01   0.01690 2.354e-05    3.78451     9.590    0.856549   9155
    1675    2.51538 8.546e-01   0.01596 2.369e-05    3.38600     8.371    0.854550   9300
    1700    2.12544 8.526e-01   0.01234 2.164e-05    2.99045     8.342    0.852557   9446
    1725    2.16678 8.506e-01   0.01198 2.273e-05    3.02943     6.585    0.850569   9591
    1750    2.48605 8.487e-01   0.01500 2.177e-05    3.34974     6.255    0.848586   9740
    1775    2.50170 8.467e-01   0.01622 2.027e-05    3.36463     4.960    0.846608   9888
    1800    2.12168 8.447e-01   0.01489 1.938e-05    2.98131     7.500    0.844636  10036
    1825    2.25988 8.427e-01   0.01336 2.249e-05    3.11601     7.604    0.842670  10185
    1850    2.23790 8.408e-01   0.01372 2.176e-05    3.09242     7.854    0.840708  10335
    1875    1.95614 8.388e-01   0.01122 1.911e-05    2.80621     5.208    0.838752  10484
    1900    1.97364 8.369e-01   0.01335 1.684e-05    2.82389     7.611    0.836801  10633
    1925    1.65725 8.349e-01   0.01108 1.605e-05    2.50328     5.932    0.834855  10783
    1950    2.01477 8.330e-01   0.01277 1.637e-05    2.86055     5.613    0.832915  10931
    1975    2.11686 8.311e-01   0.01298 1.820e-05    2.96092     8.047    0.830980  11080
    2000    1.85112 8.291e-01   0.01066 1.584e-05    2.69092     8.748    0.829050  11231
    2025    2.04822 8.272e-01   0.01096 2.036e-05    2.88641     7.216    0.827125  11380
    2050    2.00145 8.253e-01   0.00996 1.445e-05    2.83671     6.734    0.825205  11530
    2075    2.02283 8.234e-01   0.01113 1.519e-05    2.85734     6.955    0.823290  11679
    2100    1.73910 8.215e-01   0.01037 1.427e-05    2.57094     8.528    0.821381  11829
    2125    1.99976 8.196e-01   0.01177 1.444e-05    2.83111     8.291    0.819477  11978
    2150    2.12763 8.177e-01   0.01055 1.471e-05    2.95585     6.921    0.817577  12128
    2175    1.62766 8.158e-01   0.01109 1.313e-05    2.45452     5.293    0.815683  12277
    2200    1.94436 8.139e-01   0.01048 1.545e-05    2.76872     4.806    0.813794  12427
    2225    1.63294 8.120e-01   0.00886 1.294e-05    2.45380     6.231    0.811909  12577
    2250    1.63145 8.101e-01   0.00999 1.413e-05    2.45156     7.072    0.810030  12728
    2275    1.94540 8.082e-01   0.00958 2.380e-05    2.76324     6.307    0.808156  12878
    2300    1.43834 8.064e-01   0.00701 1.231e-05    2.25173     6.974    0.806287  13029
    2325    1.83967 8.045e-01   0.00833 2.359e-05    2.65252     5.827    0.804422  13180
    2350    1.62251 8.026e-01   0.00800 1.263e-05    2.43316     6.355    0.802563  13332
    2375    1.85763 8.008e-01   0.00882 1.203e-05    2.66724     8.021    0.800708  13482
    2400    1.43662 7.989e-01   0.00802 1.958e-05    2.24359     6.629    0.798858  13633
    2425    1.58158 7.971e-01   0.00813 1.203e-05    2.38681     5.601    0.797013  13784
    2450    1.48626 7.952e-01   0.00754 1.103e-05    2.28905     5.609    0.795173  13935
    2475    1.91302 7.934e-01   0.00991 1.065e-05    2.71636     5.324    0.793338  14087
    2499    1.65983 7.917e-01   0.00872 1.076e-05    2.46022     5.769    0.791581  14232
    [checkpoint 2500]  e@8 0.3052  e@368 0.7403  nRMSE@8 0.2488  nRMSE@368 0.9085

----------------------------------------------------------------------------------
  wall clock 3.96 h (5.696 s/iter)
  final: state 1.6598e+00  bound 7.9165e-01  contact 8.7207e-03  termination 1.0762e-05
  grad norm: mean 7.246  median 6.975  p99 12.007  max 20.866
  spikes (>5x trailing 50-median): 0
  collapse fit: d(log_delta)/d(iter) = -9.3505e-05 +- 2.61e-08   (lr 0.0001, rate/lr 0.94)
    exp(log_delta): 0.999900 -> 0.791581
    iterations implied to reach the checkpoint's -14.4629: 154,675
  state-loss slope over the final 250 iterations: -7.970e-04 per iter  (still falling)

  wrote results/step5_armA_seed1_ens5.json
  weights in runs/armA_seed1_ens5 (gitignored)
