==================================================================================
STEP 5 MAIN RUN -- armB_seed0
==================================================================================
  arm B: state branch feeds back the TRUE next state (teacher forcing)
  auxiliary branch: teacher-forced in BOTH arms (system_dynamics.py:264)
  ensemble 1, batch 256, lr 0.0001, weight_decay 1e-05, 2500 iterations
  action alignment: causal, offset=1 (X-05)
  gradient clipping: NONE -- the reference has none in this path (5.7a)
  7687 training windows from episodes [0, 2, 3, 4, 5, 6, 7, 9]

    iter      state     bound   contact    termin      total    |grad| exp(logdel)      s
       0    7.25169 1.000e+00   0.68669 7.043e-01    9.64264     2.253    0.999900      1
      25    6.47766 9.975e-01   0.59033 2.818e-01    8.34725     1.721    0.997405     38
      50    6.23280 9.950e-01   0.39998 1.593e-02    7.64373     1.177    0.994918     75
      75    5.82731 9.925e-01   0.34701 5.102e-03    7.17197     1.155    0.992441    111
     100    4.95914 9.901e-01   0.30506 3.818e-03    6.25809     1.089    0.989975    148
     125    4.95069 9.876e-01   0.22771 3.664e-03    6.16968     1.187    0.987522    184
     150    3.75053 9.852e-01   0.14245 3.464e-03    4.88162     1.644    0.985086    219
     175    3.63912 9.828e-01   0.10173 2.772e-03    4.72640     1.352    0.982684    255
     200    3.48244 9.804e-01   0.08200 2.359e-03    4.54721     1.975    0.980311    291
     225    2.92472 9.780e-01   0.07346 1.747e-03    3.97797     1.297    0.977946    326
     250    2.90210 9.757e-01   0.07172 1.352e-03    3.95085     1.527    0.975583    362
     275    2.68057 9.733e-01   0.06990 1.138e-03    3.72493     1.558    0.973224    397
     300    2.69809 9.710e-01   0.07282 8.997e-04    3.74277     1.697    0.970868    432
     325    2.17424 9.686e-01   0.06300 7.794e-04    3.20663     2.405    0.968517    468
     350    1.83574 9.663e-01   0.05050 7.082e-04    2.85322     1.500    0.966171    503
     375    1.95379 9.639e-01   0.05610 6.012e-04    2.97441     2.017    0.963830    538
     400    1.61311 9.616e-01   0.05154 5.342e-04    2.62678     1.629    0.961495    574
     425    2.04748 9.593e-01   0.05975 4.866e-04    3.06697     3.517    0.959166    609
     450    1.80579 9.569e-01   0.05486 4.451e-04    2.81803     1.753    0.956843    644
     475    1.55844 9.546e-01   0.05259 4.044e-04    2.56605     2.434    0.954526    678
    [checkpoint 500]  e@8 0.3768  e@368 7.9410  nRMSE@8 0.4205  nRMSE@368 7.5595
     500    1.76345 9.523e-01   0.05367 3.731e-04    2.76980     2.325    0.952216    718
     525    1.33184 9.500e-01   0.04687 3.277e-04    2.32904     2.558    0.949912    754
     550    2.34863 9.477e-01   0.06243 2.813e-04    3.35905     1.518    0.947616    788
     575    1.69206 9.454e-01   0.05321 2.491e-04    2.69094     2.529    0.945326    823
     600    1.63169 9.431e-01   0.04588 2.186e-04    2.62092     2.833    0.943043    857
     625    1.49401 9.409e-01   0.04792 1.970e-04    2.48298     1.849    0.940766    891
     650    1.27421 9.386e-01   0.03923 1.775e-04    2.25220     1.538    0.938497    925
     675    1.55907 9.363e-01   0.04477 1.623e-04    2.54032     1.670    0.936234    959
     700    1.25942 9.341e-01   0.03650 1.501e-04    2.23014     3.278    0.933978    993
     725    1.44275 9.318e-01   0.03496 1.340e-04    2.40966     2.758    0.931729   1028
     750    1.31950 9.296e-01   0.03831 1.177e-04    2.28750     2.190    0.929487   1062
     775    1.50647 9.273e-01   0.04019 1.057e-04    2.47410     2.034    0.927252   1096
     800    1.22008 9.251e-01   0.03240 9.793e-05    2.17768     1.903    0.925024   1130
     825    1.58761 9.229e-01   0.03595 8.807e-05    2.54655     3.974    0.922802   1164
     850    1.19990 9.207e-01   0.03332 7.940e-05    2.15397     4.187    0.920588   1199
     875    1.22556 9.185e-01   0.03290 7.151e-05    2.17700     3.426    0.918380   1233
     900    1.08816 9.163e-01   0.02877 6.643e-05    2.03327     2.726    0.916179   1267
     925    1.02486 9.141e-01   0.02700 6.023e-05    1.96600     2.379    0.913985   1302
     950    1.10010 9.119e-01   0.02615 5.649e-05    2.03819     4.862    0.911798   1336
     975    0.87626 9.097e-01   0.02532 5.159e-05    1.81134     1.529    0.909617   1370
    1000    1.13689 9.075e-01   0.02768 5.004e-05    2.07215     3.044    0.907443   1405
    1025    0.95381 9.054e-01   0.02414 4.652e-05    1.88337     2.691    0.905276   1438
    1050    0.91533 9.032e-01   0.02203 4.266e-05    1.84061     3.067    0.903115   1472
    1075    1.04226 9.010e-01   0.02627 4.133e-05    1.96961     2.395    0.900961   1506
    1100    1.08569 8.989e-01   0.02483 3.885e-05    2.00946     1.610    0.898814   1540
    1125    1.07904 8.968e-01   0.02220 3.799e-05    1.99804     2.430    0.896673   1574
    1150    0.86230 8.946e-01   0.02141 3.458e-05    1.77837     2.021    0.894539   1608
    1175    1.13614 8.925e-01   0.02426 3.249e-05    2.05292     1.390    0.892412   1643
    1200    0.81520 8.904e-01   0.02022 3.138e-05    1.72582     2.967    0.890290   1676
    1225    0.97638 8.883e-01   0.02280 2.951e-05    1.88747     5.173    0.888176   1710
    1250    0.76172 8.862e-01   0.01899 2.853e-05    1.66689     4.431    0.886067   1745
    1275    0.72881 8.840e-01   0.01767 2.846e-05    1.63056     1.666    0.883965   1779
    1300    0.86392 8.820e-01   0.02054 2.503e-05    1.76644     3.729    0.881869   1813
    1325    0.84004 8.799e-01   0.01714 2.580e-05    1.73707     3.268    0.879780   1846
    1350    0.75641 8.778e-01   0.01914 2.533e-05    1.65336     3.031    0.877697   1881
    1375    0.74253 8.757e-01   0.01638 2.352e-05    1.63464     3.065    0.875620   1915
    1400    0.77285 8.736e-01   0.01738 2.279e-05    1.66389     2.370    0.873550   1949
    1425    0.74096 8.716e-01   0.01639 2.186e-05    1.62894     1.684    0.871485   1984
    1450    0.95500 8.695e-01   0.01815 2.113e-05    1.84268     1.322    0.869427   2018
    1475    0.77628 8.675e-01   0.01712 1.906e-05    1.66088     1.940    0.867375   2053
    1500    0.80261 8.654e-01   0.01707 1.734e-05    1.68510     3.503    0.865329   2087
    1525    0.84385 8.634e-01   0.01741 1.443e-05    1.72464     1.677    0.863289   2121
    1550    0.90623 8.613e-01   0.01847 1.366e-05    1.78605     2.712    0.861255   2155
    1575    0.62121 8.593e-01   0.01543 1.119e-05    1.49596     2.555    0.859227   2189
    1600    0.67552 8.573e-01   0.01260 1.010e-05    1.54542     1.552    0.857205   2223
    1625    0.60521 8.553e-01   0.01353 8.669e-06    1.47402     2.923    0.855188   2259
    1650    0.70632 8.533e-01   0.01539 7.671e-06    1.57498     2.615    0.853178   2293
    1675    0.52890 8.513e-01   0.01151 7.701e-06    1.39167     4.089    0.851174   2327
    1700    0.67046 8.493e-01   0.01112 7.068e-06    1.53084     1.397    0.849175   2361
    1725    0.60633 8.473e-01   0.01344 6.594e-06    1.46703     6.535    0.847182   2394
    1750    0.59266 8.453e-01   0.01159 6.532e-06    1.44953     1.585    0.845195   2428
    1775    0.59838 8.433e-01   0.01240 5.715e-06    1.45407     2.985    0.843214   2463
    1800    0.79542 8.413e-01   0.01477 6.177e-06    1.65152     5.246    0.841238   2497
    1825    0.67042 8.393e-01   0.01490 5.870e-06    1.52467     1.249    0.839268   2531
    1850    0.63341 8.374e-01   0.01320 5.429e-06    1.48399     1.413    0.837304   2565
    1875    0.57931 8.354e-01   0.01264 5.028e-06    1.42738     1.549    0.835345   2599
    1900    0.60506 8.335e-01   0.01079 5.094e-06    1.44932     3.447    0.833392   2633
    1925    0.63743 8.315e-01   0.01452 5.459e-06    1.48349     1.730    0.831444   2667
    1950    0.61826 8.296e-01   0.01135 4.841e-06    1.45919     2.518    0.829502   2700
    1975    0.52662 8.276e-01   0.01044 4.610e-06    1.36471     2.530    0.827565   2734
    2000    0.63044 8.257e-01   0.01115 8.782e-06    1.46731     3.213    0.825634   2768
    2025    0.55272 8.238e-01   0.00879 8.502e-06    1.38531     1.305    0.823709   2802
    2050    0.51392 8.219e-01   0.00958 4.503e-06    1.34537     1.426    0.821788   2836
    2075    0.50545 8.199e-01   0.01141 4.004e-06    1.33681     1.446    0.819873   2869
    2100    0.53094 8.180e-01   0.00900 7.365e-06    1.35799     2.921    0.817963   2904
    2125    0.59748 8.161e-01   0.01041 4.555e-06    1.42403     1.678    0.816059   2937
    2150    0.52795 8.142e-01   0.00983 6.944e-06    1.35202     3.804    0.814160   2971
    2175    0.44206 8.123e-01   0.00926 8.761e-06    1.26367     2.505    0.812266   3004
    2200    0.50301 8.105e-01   0.00904 3.624e-06    1.32251     2.383    0.810378   3038
    2225    0.56130 8.086e-01   0.00844 3.912e-06    1.37831     3.468    0.808494   3072
    2250    0.46705 8.067e-01   0.00964 3.662e-06    1.28338     2.439    0.806616   3106
    2275    0.48762 8.048e-01   0.00866 3.748e-06    1.30110     1.790    0.804743   3139
    2300    0.49836 8.029e-01   0.00846 4.289e-06    1.30977     1.788    0.802875   3173
    2325    0.49057 8.011e-01   0.00979 3.085e-06    1.30145     3.988    0.801012   3207
    2350    0.45047 7.992e-01   0.00806 7.286e-06    1.25777     1.722    0.799155   3241
    2375    0.50887 7.974e-01   0.00962 3.132e-06    1.31586     1.671    0.797302   3275
    2400    0.43241 7.955e-01   0.00838 6.777e-06    1.23633     2.143    0.795454   3308
    2425    0.54996 7.937e-01   0.00949 6.970e-06    1.35314     1.320    0.793612   3342
    2450    0.42332 7.918e-01   0.00633 2.971e-06    1.22150     3.079    0.791774   3376
    2475    0.42326 7.900e-01   0.00713 3.134e-06    1.22041     2.109    0.789941   3410
    2499    0.44146 7.883e-01   0.00997 2.912e-06    1.23969     1.583    0.788186   3443
    [checkpoint 2500]  e@8 0.4073  e@368 4.4298  nRMSE@8 0.3342  nRMSE@368 5.1671

----------------------------------------------------------------------------------
  wall clock 0.96 h (1.379 s/iter)
  final: state 4.4146e-01  bound 7.8826e-01  contact 9.9697e-03  termination 2.9117e-06
  grad norm: mean 2.413  median 2.154  p99 5.601  max 9.837
  spikes (>5x trailing 50-median): 0
  collapse fit: d(log_delta)/d(iter) = -9.5107e-05 +- 7.53e-08   (lr 0.0001, rate/lr 0.95)
    exp(log_delta): 0.999900 -> 0.788186
    iterations implied to reach the checkpoint's -14.4629: 152,069
  state-loss slope over the final 250 iterations: -2.543e-04 per iter  (still falling)

  wrote results/step5_armB_seed0.json
  weights in runs/armB_seed0 (gitignored)
