==================================================================================
STEP 5 MAIN RUN -- armB_seed2
==================================================================================
  arm B: state branch feeds back the TRUE next state (teacher forcing)
  auxiliary branch: teacher-forced in BOTH arms (system_dynamics.py:264)
  ensemble 1, batch 256, lr 0.0001, weight_decay 1e-05, 2500 iterations
  action alignment: causal, offset=1 (X-05)
  gradient clipping: NONE -- the reference has none in this path (5.7a)
  7687 training windows from episodes [0, 2, 3, 4, 5, 6, 7, 9]

    iter      state     bound   contact    termin      total    |grad| exp(logdel)      s
       0    7.55875 1.000e+00   0.68700 6.876e-01    9.93336     2.184    0.999900      1
      25    7.37055 9.975e-01   0.58526 2.506e-01    9.20388     1.717    0.997404     39
      50    6.06761 9.950e-01   0.39995 1.032e-02    7.47290     1.148    0.994917     77
      75    6.20794 9.925e-01   0.35255 3.462e-03    7.55649     1.170    0.992440    119
     100    5.20391 9.901e-01   0.33074 2.544e-03    6.52727     1.161    0.989973    159
     125    4.65797 9.876e-01   0.27452 2.421e-03    5.92252     1.246    0.987519    194
     150    4.14404 9.852e-01   0.18573 2.665e-03    5.31762     1.488    0.985087    234
     175    3.36118 9.828e-01   0.11741 2.430e-03    4.46380     1.287    0.982690    273
     200    3.58053 9.804e-01   0.09225 1.975e-03    4.65517     1.804    0.980316    309
     225    2.99571 9.780e-01   0.06583 1.497e-03    4.04108     1.251    0.977948    345
     250    2.53552 9.757e-01   0.07195 1.066e-03    3.58421     1.108    0.975584    380
     275    2.68510 9.733e-01   0.06360 8.357e-04    3.72285     1.821    0.973223    418
     300    2.19891 9.710e-01   0.05629 6.869e-04    3.22685     2.243    0.970866    459
     325    2.63811 9.686e-01   0.07245 5.402e-04    3.67971     2.156    0.968514    498
     350    2.24849 9.663e-01   0.06401 4.457e-04    3.27921     1.184    0.966166    537
     375    1.80727 9.639e-01   0.05594 3.702e-04    2.82750     4.159    0.963824    576
     400    1.64257 9.616e-01   0.05305 3.078e-04    2.65751     2.348    0.961489    613
     425    2.02939 9.593e-01   0.05432 2.617e-04    3.04323     1.761    0.959159    652
     450    1.54992 9.569e-01   0.04443 2.326e-04    2.55151     3.048    0.956835    691
     475    1.66866 9.546e-01   0.04847 2.020e-04    2.67194     5.371    0.954518    728
    [checkpoint 500]  e@8 0.4518  e@368 4.9474  nRMSE@8 0.3857  nRMSE@368 7.6312
     500    1.51954 9.523e-01   0.05327 1.828e-04    2.52529     2.419    0.952207    770
     525    1.71676 9.500e-01   0.05238 1.655e-04    2.71931     2.721    0.949903    808
     550    1.68452 9.477e-01   0.04554 1.518e-04    2.67791     1.580    0.947606    845
     575    1.35828 9.454e-01   0.04007 1.338e-04    2.34389     1.808    0.945315    881
     600    1.69725 9.431e-01   0.04453 1.157e-04    2.68502     4.969    0.943032    916
     625    1.49603 9.408e-01   0.04102 9.712e-05    2.47799     2.754    0.940755    953
     650    1.46337 9.386e-01   0.03645 8.503e-05    2.43847     2.157    0.938485    989
     675    1.39457 9.363e-01   0.03952 7.131e-05    2.37047     4.402    0.936222   1026
     700    1.12026 9.341e-01   0.02929 6.294e-05    2.08367     6.189    0.933965   1062
     725    1.29439 9.318e-01   0.03532 5.425e-05    2.26157     1.546    0.931716   1098
     750    1.36601 9.296e-01   0.03359 4.819e-05    2.32921     1.976    0.929474   1134
     775    1.32753 9.273e-01   0.03154 4.270e-05    2.28644     2.362    0.927238   1170
     800    1.26173 9.251e-01   0.03014 3.856e-05    2.21701     2.332    0.925010   1205
     825    0.97062 9.229e-01   0.02567 3.391e-05    1.91920     1.394    0.922788   1240
     850    1.20251 9.207e-01   0.02764 3.149e-05    2.15085     1.669    0.920573   1276
     875    1.06637 9.185e-01   0.03084 2.958e-05    2.01569     1.771    0.918365   1313
     900    0.95025 9.163e-01   0.02358 2.757e-05    1.89011     3.164    0.916164   1348
     925    1.05191 9.141e-01   0.02782 2.645e-05    1.99381     2.302    0.913970   1386
     950    1.14290 9.119e-01   0.02850 2.407e-05    2.08329     2.856    0.911783   1422
     975    1.16586 9.097e-01   0.02915 2.398e-05    2.10471     1.548    0.909602   1459
    1000    1.03874 9.075e-01   0.02355 2.263e-05    1.96983     2.357    0.907428   1496
    1025    1.03723 9.053e-01   0.02677 2.067e-05    1.96937     3.696    0.905260   1531
    1050    1.05430 9.032e-01   0.02260 2.065e-05    1.98010     3.260    0.903099   1572
    1075    1.03756 9.010e-01   0.02342 1.950e-05    1.96204     1.330    0.900946   1612
    1100    0.73160 8.989e-01   0.01936 1.895e-05    1.64986     1.651    0.898798   1653
    1125    0.73135 8.967e-01   0.01908 1.768e-05    1.64719     2.758    0.896657   1688
    1150    0.74586 8.946e-01   0.01861 1.789e-05    1.65909     2.079    0.894523   1721
    1175    0.94677 8.925e-01   0.02273 1.675e-05    1.86200     1.743    0.892395   1756
    1200    0.91106 8.904e-01   0.02078 1.567e-05    1.82221     6.390    0.890274   1789
    1225    0.78611 8.882e-01   0.01898 1.565e-05    1.69335     3.814    0.888159   1821
    1250    1.03122 8.861e-01   0.02211 1.506e-05    1.93948     2.890    0.886050   1855
    1275    0.84855 8.840e-01   0.02019 1.461e-05    1.75278     1.730    0.883948   1888
    1300    0.91758 8.819e-01   0.01718 1.438e-05    1.81672     1.348    0.881852   1921
    1325    0.87294 8.798e-01   0.02002 1.347e-05    1.77283     2.211    0.879763   1954
    1350    0.88380 8.778e-01   0.01740 1.377e-05    1.77898     2.663    0.877680   1987
    1375    0.73358 8.757e-01   0.01560 1.337e-05    1.62488     4.194    0.875603   2021
    1400    0.72239 8.736e-01   0.01691 1.335e-05    1.61292     2.460    0.873532   2054
    1425    0.86435 8.716e-01   0.01733 1.269e-05    1.75325     3.305    0.871468   2088
    1450    0.79972 8.695e-01   0.01775 1.266e-05    1.68697     2.475    0.869410   2121
    1475    0.71455 8.674e-01   0.01641 1.192e-05    1.59842     1.705    0.867357   2155
    1500    0.67312 8.654e-01   0.01462 1.081e-05    1.55315     4.073    0.865311   2188
    1525    0.78621 8.634e-01   0.01361 1.243e-05    1.66319     3.112    0.863271   2222
    1550    0.75430 8.613e-01   0.01681 9.798e-06    1.63243     3.310    0.861237   2260
    1575    0.61635 8.593e-01   0.01398 9.978e-06    1.48963     1.329    0.859209   2297
    1600    0.77460 8.573e-01   0.01631 9.191e-06    1.64819     2.461    0.857187   2335
    1625    0.72641 8.553e-01   0.01605 8.628e-06    1.59773     3.646    0.855171   2374
    1650    0.73101 8.532e-01   0.01227 9.586e-06    1.59653     4.429    0.853160   2413
    1675    0.58447 8.512e-01   0.01360 8.455e-06    1.44931     4.997    0.851156   2451
    1700    0.64205 8.492e-01   0.01629 8.263e-06    1.50759     1.404    0.849157   2488
    1725    0.69391 8.472e-01   0.01372 8.361e-06    1.55488     4.114    0.847164   2527
    1750    0.54213 8.453e-01   0.01027 7.584e-06    1.39767     1.482    0.845177   2564
    1775    0.53021 8.433e-01   0.01171 7.171e-06    1.38520     4.507    0.843196   2604
    1800    0.63325 8.413e-01   0.01451 6.934e-06    1.48907     5.055    0.841220   2641
    1825    0.55053 8.393e-01   0.01244 6.427e-06    1.40231     5.822    0.839250   2679
    1850    0.71654 8.374e-01   0.01037 7.575e-06    1.56429     2.114    0.837286   2718
    1875    0.63516 8.354e-01   0.01266 8.296e-06    1.48323     3.424    0.835327   2757
    1900    0.60429 8.335e-01   0.01201 6.929e-06    1.44975     2.572    0.833373   2796
    1925    0.59264 8.315e-01   0.01273 6.385e-06    1.43688     5.268    0.831426   2836
    1950    0.66148 8.296e-01   0.01487 5.881e-06    1.50592     3.683    0.829484   2877
    1975    0.60305 8.276e-01   0.01216 6.331e-06    1.44283     2.103    0.827547   2914
    2000    0.50254 8.257e-01   0.00985 5.777e-06    1.33810     1.878    0.825616   2949
    2025    0.57815 8.238e-01   0.00996 5.805e-06    1.41189     4.153    0.823690   2985
    2050    0.52261 8.218e-01   0.01044 5.566e-06    1.35490     1.543    0.821770   3020
    2075    0.51116 8.199e-01   0.00924 5.031e-06    1.34034     4.805    0.819855   3055
    2100    0.47906 8.180e-01   0.00804 6.069e-06    1.30513     3.926    0.817945   3090
    2125    0.48648 8.161e-01   0.00877 4.910e-06    1.31137     2.448    0.816041   3125
    2150    0.47846 8.142e-01   0.00756 4.908e-06    1.30024     6.463    0.814142   3161
    2175    0.45522 8.123e-01   0.00738 4.696e-06    1.27493     4.327    0.812248   3196
    2200    0.67851 8.104e-01   0.01122 5.695e-06    1.50016     3.096    0.810359   3233
    2225    0.50276 8.086e-01   0.00946 4.659e-06    1.32078     1.756    0.808476   3272
    2250    0.49047 8.067e-01   0.00674 4.890e-06    1.30389     1.821    0.806598   3311
    2275    0.50645 8.048e-01   0.00962 4.583e-06    1.32088     1.522    0.804725   3349
    2300    0.50330 8.029e-01   0.00664 4.980e-06    1.31287     3.005    0.802857   3383
    2325    0.58703 8.011e-01   0.00953 4.706e-06    1.39764     2.324    0.800994   3417
    2350    0.40667 7.992e-01   0.00669 4.988e-06    1.21257     3.853    0.799136   3452
    2375    0.53811 7.974e-01   0.01087 5.536e-06    1.34635     2.383    0.797284   3487
    2400    0.51616 7.955e-01   0.00781 4.219e-06    1.31948     2.364    0.795436   3522
    2425    0.48895 7.937e-01   0.00845 4.387e-06    1.29108     2.919    0.793593   3556
    2450    0.40313 7.918e-01   0.00746 5.567e-06    1.20243     1.829    0.791756   3590
    2475    0.37639 7.900e-01   0.00597 4.281e-06    1.17236     2.108    0.789923   3628
    2499    0.51194 7.882e-01   0.00845 4.434e-06    1.30864     2.947    0.788168   3668
    [checkpoint 2500]  e@8 0.3957  e@368 3.9069  nRMSE@8 0.2951  nRMSE@368 4.0588

----------------------------------------------------------------------------------
  wall clock 1.02 h (1.470 s/iter)
  final: state 5.1194e-01  bound 7.8824e-01  contact 8.4544e-03  termination 4.4343e-06
  grad norm: mean 2.579  median 2.261  p99 6.508  max 9.405
  spikes (>5x trailing 50-median): 0
  collapse fit: d(log_delta)/d(iter) = -9.5117e-05 +- 7.57e-08   (lr 0.0001, rate/lr 0.95)
    exp(log_delta): 0.999900 -> 0.788168
    iterations implied to reach the checkpoint's -14.4629: 152,054
  state-loss slope over the final 250 iterations: -1.148e-04 per iter  (still falling)

  wrote results/step5_armB_seed2.json
  weights in runs/armB_seed2 (gitignored)
