==================================================================================
STEP 5 MAIN RUN -- armA_seed4
==================================================================================
  arm A: state branch feeds back its own SAMPLE (autoregressive, faithful)
  auxiliary branch: teacher-forced in BOTH arms (system_dynamics.py:264)
  ensemble 1, batch 256, lr 0.0001, weight_decay 1e-05, 2500 iterations
  action alignment: causal, offset=1 (X-05)
  gradient clipping: NONE -- the reference has none in this path (5.7a)
  7687 training windows from episodes [0, 2, 3, 4, 5, 6, 7, 9]

    iter      state     bound   contact    termin      total    |grad| exp(logdel)      s
       0   49.11130 1.000e+00   0.67899 6.691e-01   51.45941    44.981    0.999900      1
      25   36.63867 9.975e-01   0.59055 1.881e-01   38.41485    20.979    0.997424     31
      50   25.40022 9.951e-01   0.40321 6.321e-03   26.80481    19.115    0.994964     62
      75   21.03300 9.926e-01   0.35656 2.249e-03   22.38442    17.281    0.992518     92
     100   17.41853 9.902e-01   0.33730 1.692e-03   18.74770    15.555    0.990082    123
     125   15.13701 9.878e-01   0.30275 1.639e-03   16.42915    13.310    0.987657    153
     150   14.06816 9.854e-01   0.22078 1.777e-03   15.27609    14.331    0.985269    183
     175   11.95070 9.830e-01   0.14111 2.010e-03   13.07686    14.942    0.982959    214
     200   13.43555 9.808e-01   0.10493 1.626e-03   14.52294    14.006    0.980743    245
     225    9.90479 9.787e-01   0.07441 1.122e-03   10.95898    14.661    0.978566    276
     250    9.68698 9.765e-01   0.06500 7.612e-04   10.72922    13.231    0.976385    307
     275    8.55516 9.743e-01   0.06256 5.622e-04    9.59257    12.187    0.974193    337
     300    8.24601 9.721e-01   0.05794 4.548e-04    9.27648    17.164    0.971990    368
     325    7.93503 9.699e-01   0.05971 3.614e-04    8.96497    13.133    0.969779    399
     350    7.17986 9.677e-01   0.05581 2.934e-04    8.20362    15.967    0.967562    430
     375    7.81350 9.654e-01   0.05791 2.590e-04    8.83710    12.050    0.965339    461
     400    8.14339 9.632e-01   0.06445 2.284e-04    9.17128    12.566    0.963114    492
     425    6.39261 9.610e-01   0.05578 1.934e-04    7.40956    13.837    0.960887    522
     450    7.07194 9.587e-01   0.05391 1.753e-04    8.08476    12.339    0.958659    553
     475    6.24045 9.565e-01   0.05072 1.591e-04    7.24785    11.660    0.956430    584
    [checkpoint 500]  e@8 0.3983  e@368 2.1328  nRMSE@8 0.3541  nRMSE@368 3.0914
     500    5.47942 9.543e-01   0.04708 1.452e-04    6.48094    12.575    0.954202    619
     525    5.15427 9.521e-01   0.04889 1.333e-04    6.15536    11.328    0.951976    650
     550    4.86862 9.498e-01   0.04327 1.187e-04    5.86185    14.944    0.949751    680
     575    4.69511 9.476e-01   0.03859 1.175e-04    5.68144    10.502    0.947528    711
     600    5.09107 9.454e-01   0.04120 1.065e-04    6.07777    12.241    0.945309    741
     625    4.41518 9.432e-01   0.03624 1.052e-04    5.39470    13.222    0.943092    771
     650    5.05944 9.410e-01   0.04042 8.851e-05    6.04092    11.103    0.940878    802
     675    4.81162 9.388e-01   0.03687 8.278e-05    5.78733    14.228    0.938668    833
     700    4.35859 9.366e-01   0.03529 7.152e-05    5.33051    14.147    0.936462    863
     725    4.63483 9.343e-01   0.03396 6.853e-05    5.60320    12.597    0.934260    894
     750    3.40749 9.322e-01   0.02988 5.313e-05    4.36957    11.119    0.932063    925
     775    5.04964 9.300e-01   0.03691 5.013e-05    6.01655    11.938    0.929870    956
     800    4.65458 9.278e-01   0.03424 4.200e-05    5.61664     9.664    0.927681    987
     825    3.55960 9.256e-01   0.03234 3.756e-05    4.51756    15.006    0.925497   1018
     850    3.73799 9.234e-01   0.03023 3.419e-05    4.69166    10.098    0.923318   1048
     875    3.80424 9.212e-01   0.02868 3.007e-05    4.75417    10.264    0.921144   1079
     900    4.17951 9.191e-01   0.02995 2.656e-05    5.12854    13.976    0.918974   1109
     925    3.20152 9.169e-01   0.02534 2.418e-05    4.14378    11.593    0.916810   1139
     950    3.30562 9.147e-01   0.02421 2.109e-05    4.24459    12.374    0.914651   1170
     975    4.16609 9.126e-01   0.03009 2.301e-05    5.10879    11.957    0.912498   1201
    1000    3.11732 9.104e-01   0.02355 1.914e-05    4.05132    12.020    0.910349   1231
    1025    4.17269 9.083e-01   0.02833 2.312e-05    5.10933    12.896    0.908206   1262
    1050    3.25150 9.062e-01   0.02059 1.868e-05    4.17826    11.682    0.906069   1292
    1075    3.00860 9.040e-01   0.02759 1.544e-05    3.94023    11.893    0.903937   1322
    1100    2.91457 9.019e-01   0.01944 1.528e-05    3.83592    12.141    0.901810   1353
    1125    2.40590 8.998e-01   0.01960 1.492e-05    3.32528     9.250    0.899688   1384
    1150    2.83760 8.977e-01   0.02202 1.332e-05    3.75729     9.943    0.897573   1414
    1175    2.71960 8.955e-01   0.02170 1.408e-05    3.63686    10.851    0.895462   1445
    1200    2.65423 8.934e-01   0.01700 2.638e-05    3.56470    10.193    0.893358   1476
    1225    2.66015 8.913e-01   0.01871 1.268e-05    3.57022    10.492    0.891258   1507
    1250    2.51706 8.892e-01   0.02215 1.185e-05    3.42847    11.344    0.889165   1538
    1275    2.75022 8.872e-01   0.02099 1.091e-05    3.65838    12.510    0.887077   1569
    1300    2.73321 8.851e-01   0.01890 1.197e-05    3.63720     9.410    0.884994   1601
    1325    2.48324 8.830e-01   0.01631 1.125e-05    3.38257     9.492    0.882917   1633
    1350    2.55093 8.809e-01   0.01581 1.577e-05    3.44768    10.784    0.880846   1666
    1375    2.52773 8.789e-01   0.01851 8.986e-06    3.42511    11.413    0.878780   1697
    1400    3.20462 8.768e-01   0.01916 1.036e-05    4.10059    13.811    0.876720   1729
    1425    2.85494 8.747e-01   0.01715 8.753e-06    3.74684    11.971    0.874665   1760
    1450    2.63692 8.727e-01   0.01612 1.422e-05    3.52576    15.891    0.872616   1792
    1475    2.94207 8.707e-01   0.01881 2.177e-05    3.83155    10.771    0.870572   1823
    1500    2.57490 8.686e-01   0.01703 8.041e-06    3.46055    10.038    0.868534   1855
    1525    1.81060 8.666e-01   0.01272 7.905e-06    2.68991    11.159    0.866501   1887
    1550    2.21329 8.646e-01   0.01218 7.666e-06    3.09003     8.299    0.864474   1919
    1575    2.00653 8.625e-01   0.01431 1.313e-05    2.88339     9.413    0.862453   1951
    1600    2.48341 8.605e-01   0.01313 9.037e-06    3.35707     9.642    0.860436   1983
    1625    2.31953 8.585e-01   0.01464 7.525e-06    3.19268    10.642    0.858426   2018
    1650    2.26608 8.565e-01   0.01341 1.868e-05    3.13601    10.498    0.856421   2064
    1675    2.19720 8.545e-01   0.01464 6.408e-06    3.06634     9.546    0.854421   2099
    1700    2.27361 8.525e-01   0.01518 6.421e-06    3.14130     9.875    0.852427   2131
    1725    1.73327 8.505e-01   0.01126 6.242e-06    2.59505     8.272    0.850438   2169
    1750    2.02034 8.485e-01   0.01230 6.283e-06    2.88118    15.211    0.848454   2203
    1775    2.30246 8.466e-01   0.01391 1.555e-05    3.16295    10.005    0.846476   2239
    1800    2.07516 8.446e-01   0.01190 5.589e-06    2.93165    12.353    0.844503   2278
    1825    1.70320 8.426e-01   0.01062 1.809e-05    2.55645     9.104    0.842536   2310
    1850    2.12371 8.407e-01   0.01291 2.399e-05    2.97729     9.713    0.840574   2342
    1875    2.20639 8.387e-01   0.01458 5.625e-06    3.05967    10.767    0.838617   2374
    1900    1.84302 8.367e-01   0.01174 1.769e-05    2.69152     9.274    0.836665   2406
    1925    1.94396 8.348e-01   0.01072 7.544e-06    2.78949     9.850    0.834719   2438
    1950    2.41543 8.329e-01   0.01386 1.906e-05    3.26216    10.200    0.832778   2470
    1975    1.83896 8.309e-01   0.01013 4.630e-06    2.68001    10.957    0.830842   2502
    2000    1.66521 8.290e-01   0.01176 5.191e-06    2.50597    10.417    0.828911   2534
    2025    1.68520 8.271e-01   0.01088 4.651e-06    2.52315    11.870    0.826986   2566
    2050    2.06487 8.251e-01   0.01402 1.734e-05    2.90405     9.895    0.825066   2598
    2075    1.61971 8.232e-01   0.00892 4.159e-06    2.45185     7.347    0.823151   2630
    2100    1.83322 8.213e-01   0.00960 2.948e-05    2.66417    12.933    0.821240   2662
    2125    1.59639 8.194e-01   0.00814 4.187e-06    2.42395     9.181    0.819336   2695
    2150    1.65675 8.175e-01   0.01049 4.236e-06    2.48476     9.818    0.817436   2727
    2175    1.62037 8.156e-01   0.00989 4.115e-06    2.44588     7.953    0.815541   2759
    2200    1.76852 8.137e-01   0.00974 4.206e-06    2.59200     8.714    0.813651   2791
    2225    1.96073 8.118e-01   0.01087 7.613e-06    2.78345    10.041    0.811767   2823
    2250    1.33336 8.100e-01   0.00825 2.019e-05    2.15159     8.739    0.809887   2854
    2275    1.51293 8.081e-01   0.00983 3.989e-06    2.33085    10.207    0.808012   2886
    2300    1.36041 8.062e-01   0.00856 4.462e-06    2.17519    15.175    0.806143   2919
    2325    1.81149 8.044e-01   0.00892 4.351e-06    2.62477     7.787    0.804278   2951
    2350    1.38144 8.025e-01   0.00844 3.782e-06    2.19237     9.211    0.802418   2984
    2375    1.72348 8.006e-01   0.00865 7.712e-06    2.53277     9.309    0.800563   3017
    2400    1.36038 7.988e-01   0.00827 3.776e-06    2.16744    11.944    0.798713   3050
    2425    1.26377 7.969e-01   0.00664 3.798e-06    2.06736     9.483    0.796867   3082
    2450    1.43801 7.951e-01   0.00736 1.265e-05    2.24048    10.182    0.795027   3115
    2475    1.48303 7.933e-01   0.00864 1.477e-05    2.28495    11.630    0.793192   3154
    2499    1.40094 7.915e-01   0.00667 3.769e-06    2.19912     9.873    0.791434   3193
    [checkpoint 2500]  e@8 0.3349  e@368 1.3264  nRMSE@8 0.2919  nRMSE@368 1.4527

----------------------------------------------------------------------------------
  wall clock 0.89 h (1.281 s/iter)
  final: state 1.4009e+00  bound 7.9151e-01  contact 6.6681e-03  termination 3.7691e-06
  grad norm: mean 11.797  median 11.323  p99 21.765  max 44.981
  spikes (>5x trailing 50-median): 0
  collapse fit: d(log_delta)/d(iter) = -9.3603e-05 +- 2.60e-08   (lr 0.0001, rate/lr 0.94)
    exp(log_delta): 0.999900 -> 0.791434
    iterations implied to reach the checkpoint's -14.4629: 154,513
  state-loss slope over the final 250 iterations: -2.406e-04 per iter  (still falling)

  wrote results/step5_armA_seed4.json
  weights in runs/armA_seed4 (gitignored)
