==================================================================================
STEP 5 MAIN RUN -- armA_seed3_nll
==================================================================================
  arm A: state branch feeds back its own SAMPLE (autoregressive, faithful)
  auxiliary branch: teacher-forced in BOTH arms (system_dynamics.py:264)
  ensemble 1, batch 256, lr 0.0001, weight_decay 1e-05, 2500 iterations
  rnn_hidden_size 256  (RELEASED)
  action alignment: causal, offset=1 (X-05)
  gradient clipping: NONE -- the reference has none in this path (5.7a)
  7687 training windows from episodes [0, 2, 3, 4, 5, 6, 7, 9]
  LOSS TYPE: gaussian_nll (the authors' unused branch, system_dynamics.py:285)

    iter      state     bound   contact    termin      total    |grad| exp(logdel)      s
       0  852.08575 1.000e+00   0.69101 6.605e-01  854.43732   745.038    1.000100      1
      25  615.97980 1.002e+00   0.60364 2.566e-01  617.84253   476.532    1.002524     31
      50  427.68985 1.005e+00   0.39581 8.345e-03  429.09863   375.960    1.004713     59
      75  336.90173 1.007e+00   0.35160 2.762e-03  338.26263   301.261    1.006597     90
     100  319.12421 1.008e+00   0.32608 2.225e-03  320.46072   319.507    1.008261    116
     125  245.17612 1.010e+00   0.25750 2.137e-03  246.44548   249.239    1.009774    142
     150  239.42493 1.011e+00   0.16161 2.227e-03  240.59987   258.880    1.011169    168
     175  175.93857 1.012e+00   0.10048 2.011e-03  177.05354   262.300    1.012527    194
     200  174.55481 1.014e+00   0.07561 1.658e-03  175.64590   282.580    1.013883    219
     225  190.19951 1.015e+00   0.07242 1.316e-03  191.28838   257.248    1.015188    245
     250  139.92859 1.016e+00   0.06419 1.014e-03  141.01019   220.109    1.016463    271
     275  149.41631 1.018e+00   0.06076 8.211e-04  150.49556   233.629    1.017724    296
     300  152.32916 1.019e+00   0.05963 6.925e-04  153.40837   218.545    1.018939    322
     325  134.20322 1.020e+00   0.06108 5.728e-04  135.28497   223.321    1.020149    347
     350  132.29002 1.021e+00   0.05909 4.999e-04  133.37090   206.343    1.021322    373
     375  137.60406 1.022e+00   0.06033 4.336e-04  138.68726   223.056    1.022474    399
     400  119.99000 1.024e+00   0.05600 3.762e-04  121.06995   224.501    1.023626    425
     425  101.65969 1.025e+00   0.05664 3.338e-04  102.74136   200.287    1.024738    451
     450   93.64444 1.026e+00   0.05072 2.954e-04   94.72123   188.809    1.025819    477
     475  101.26157 1.027e+00   0.05192 2.709e-04  102.34058   169.311    1.026868    503
    [checkpoint 500]  e@8 0.4167  e@368 2.6063  nRMSE@8 0.3797  nRMSE@368 5.3665
     500   93.34525 1.028e+00   0.05248 2.416e-04   94.42583   221.723    1.027905    533
     525   92.35930 1.029e+00   0.04896 2.288e-04   93.43740   250.521    1.028958    560
     550   93.89395 1.030e+00   0.04851 2.137e-04   94.97262   192.404    1.029988    586
     575   75.23101 1.031e+00   0.03972 2.102e-04   76.30192   175.512    1.031008    613
     600   86.37885 1.032e+00   0.04319 2.012e-04   87.45419   204.030    1.031988    640
     625   80.43201 1.033e+00   0.04141 1.936e-04   81.50654   188.339    1.032958    667
     650   72.41435 1.034e+00   0.04098 1.869e-04   73.48939   184.976    1.033902    695
     675   67.60941 1.035e+00   0.03481 1.750e-04   68.67918   163.214    1.034819    722
     700   94.37796 1.036e+00   0.04177 1.641e-04   95.45561   221.293    1.035757    749
     725   70.40620 1.037e+00   0.03799 1.458e-04   71.48099   174.347    1.036683    776
     750   64.69646 1.038e+00   0.03450 1.369e-04   65.76861   183.396    1.037551    804
     775   66.00783 1.038e+00   0.02791 1.255e-04   67.07426   191.248    1.038437    831
     800   58.73028 1.039e+00   0.03012 1.090e-04   59.79981   196.439    1.039337    859
     825   61.42528 1.040e+00   0.03287 9.613e-05   62.49843   155.865    1.040224    886
     850   50.42943 1.041e+00   0.02561 8.619e-05   51.49617   152.535    1.041070    914
     875   53.44516 1.042e+00   0.02649 7.478e-05   54.51361   163.029    1.041920    942
     900   52.40556 1.043e+00   0.02950 6.611e-05   53.47785   141.101    1.042761    970
     925   60.24305 1.044e+00   0.03196 6.086e-05   61.31866   187.712    1.043628    998
     950   44.10120 1.044e+00   0.02252 5.335e-05   45.16820   177.116    1.044454   1026
     975   47.45467 1.045e+00   0.02560 4.906e-05   48.52558   174.639    1.045289   1054
    1000   42.22318 1.046e+00   0.02379 4.296e-05   43.29313   160.168    1.046145   1082
    1025   48.43930 1.047e+00   0.02437 4.076e-05   49.51065   195.550    1.046981   1110
    1050   46.74538 1.048e+00   0.02669 3.596e-05   47.81988   143.947    1.047809   1139
    1075   37.90876 1.049e+00   0.02286 3.488e-05   38.98025   150.563    1.048626   1167
    1100   40.70081 1.049e+00   0.02231 3.388e-05   41.77254   176.880    1.049424   1195
    1125   38.50485 1.050e+00   0.02035 2.990e-05   39.57544   119.108    1.050242   1224
    1150   45.44060 1.051e+00   0.02086 2.915e-05   46.51247   158.171    1.051019   1252
    1175   37.71390 1.052e+00   0.01865 2.774e-05   38.78437   171.436    1.051819   1281
    1200   39.41982 1.053e+00   0.01957 2.499e-05   40.49197   157.724    1.052583   1310
    1225   39.76053 1.053e+00   0.01935 2.446e-05   40.83326   188.040    1.053382   1339
    1250   42.37441 1.054e+00   0.02150 2.241e-05   43.45007   152.533    1.054163   1368
    1275   44.30548 1.055e+00   0.02113 2.159e-05   45.38155   139.586    1.054950   1397
    1300   49.49549 1.056e+00   0.02340 2.159e-05   50.57462   157.157    1.055741   1426
    1325   40.93368 1.057e+00   0.01837 1.893e-05   42.00857   144.232    1.056536   1455
    1350   40.45183 1.057e+00   0.02008 1.931e-05   41.52922   135.786    1.057319   1485
    1375   38.00682 1.058e+00   0.01921 1.852e-05   39.08411   125.983    1.058088   1514
    1400   30.43940 1.059e+00   0.01573 1.617e-05   31.51399   129.899    1.058876   1543
    1425   31.31777 1.060e+00   0.01533 1.700e-05   32.39273   185.890    1.059642   1573
    1450   40.63444 1.060e+00   0.01889 1.755e-05   41.71373   175.342    1.060416   1603
    1475   30.43663 1.061e+00   0.01448 1.464e-05   31.51226   162.151    1.061167   1632
    1500   29.80938 1.062e+00   0.01582 1.467e-05   30.88714   168.150    1.061953   1662
    1525   36.35124 1.063e+00   0.01492 1.432e-05   37.42885   133.675    1.062710   1692
    1550   29.65702 1.063e+00   0.01261 1.406e-05   30.73309   162.928    1.063474   1721
    1575   31.21552 1.064e+00   0.01573 1.429e-05   32.29548   164.409    1.064257   1751
    1600   30.39486 1.065e+00   0.01477 1.233e-05   31.47461   110.583    1.065000   1781
    1625   28.68552 1.066e+00   0.01546 1.191e-05   29.76672   123.555    1.065758   1811
    1650   25.66152 1.066e+00   0.01165 1.350e-05   26.73969   141.676    1.066530   1841
    1675   28.84179 1.067e+00   0.01257 1.144e-05   29.92160   140.985    1.067257   1871
    1700   31.45746 1.068e+00   0.01398 1.078e-05   32.53944   140.899    1.068020   1901
    1725   32.48698 1.069e+00   0.01345 1.121e-05   33.56923   147.979    1.068812   1930
    1750   27.05286 1.070e+00   0.01192 1.073e-05   28.13436   124.922    1.069600   1960
    1775   29.56004 1.070e+00   0.01481 1.487e-05   30.64519   130.735    1.070356   1991
    1800   25.56336 1.071e+00   0.01319 1.603e-05   26.64762   119.723    1.071078   2021
    1825   28.58498 1.072e+00   0.01487 9.655e-06   29.67165   169.354    1.071815   2051
    1850   21.05256 1.073e+00   0.01081 9.939e-06   22.13592   135.288    1.072580   2081
    1875   25.25410 1.073e+00   0.01254 8.807e-06   26.33994   150.156    1.073315   2112
    1900   25.61559 1.074e+00   0.01205 1.352e-05   26.70170   122.324    1.074077   2142
    1925   19.35520 1.075e+00   0.01007 7.354e-06   20.44009   154.286    1.074840   2172
    1950   24.77897 1.076e+00   0.01128 8.269e-06   25.86581   170.223    1.075582   2203
    1975   23.35785 1.076e+00   0.00996 1.407e-05   24.44412   140.334    1.076327   2234
    2000   19.69163 1.077e+00   0.00806 7.410e-06   20.77673   116.579    1.077070   2265
    2025   24.43587 1.078e+00   0.01139 6.746e-06   25.52506   138.862    1.077812   2296
    2050   24.05592 1.079e+00   0.00974 7.882e-06   25.14421   143.403    1.078569   2326
    2075   21.85203 1.079e+00   0.01127 6.484e-06   22.94259   123.506    1.079314   2357
    2100   23.54441 1.080e+00   0.00949 1.009e-05   24.63394   159.919    1.080062   2387
    2125   25.05576 1.081e+00   0.01016 1.376e-05   26.14670   113.345    1.080797   2418
    2150   24.12401 1.082e+00   0.01050 6.965e-06   25.21602   129.246    1.081534   2449
    2175   17.92704 1.082e+00   0.00940 7.004e-06   19.01867   118.078    1.082257   2479
    2200   20.12473 1.083e+00   0.00982 6.562e-06   21.21750   119.747    1.082970   2510
    2225   19.21794 1.084e+00   0.00708 6.310e-06   20.30869   151.027    1.083687   2541
    2250   22.05213 1.084e+00   0.01003 5.572e-06   23.14654   156.452    1.084401   2572
    2275   20.84003 1.085e+00   0.00878 6.657e-06   21.93393   111.349    1.085150   2603
    2300   17.52259 1.086e+00   0.00720 5.828e-06   18.61564   133.709    1.085873   2633
    2325   19.65224 1.087e+00   0.00748 6.335e-06   20.74635    95.904    1.086648   2663
    2350   20.52320 1.087e+00   0.00800 5.760e-06   21.61859   137.735    1.087413   2695
    2375   15.52717 1.088e+00   0.00564 6.170e-06   16.62095   102.419    1.088165   2725
    2400   16.65757 1.089e+00   0.00780 5.812e-06   17.75426    84.060    1.088912   2755
    2425   16.16769 1.090e+00   0.00715 6.604e-06   17.26448   127.387    1.089664   2785
    2450   16.99719 1.090e+00   0.00589 5.727e-06   18.09349   110.378    1.090427   2816
    2475   18.64756 1.091e+00   0.00807 5.542e-06   19.74678   135.933    1.091178   2846
    2499   17.22243 1.092e+00   0.00668 1.075e-05   18.32096   104.241    1.091873   2875
    [checkpoint 2500]  e@8 0.3233  e@368 0.8177  nRMSE@8 0.2461  nRMSE@368 0.8771

----------------------------------------------------------------------------------
  wall clock 0.80 h (1.152 s/iter)
  final: state 1.7222e+01  bound 1.0918e+00  contact 6.6826e-03  termination 1.0751e-05
  grad norm: mean 173.223  median 157.259  p99 485.998  max 745.038
  spikes (>5x trailing 50-median): 0
  collapse fit: d(log_delta)/d(iter) = 3.2434e-05 +- 3.50e-07   (lr 0.0001, rate/lr 0.32)
    exp(log_delta): 1.000100 -> 1.091873
    iterations implied to reach the checkpoint's -14.4629: -445,911
  state-loss slope over the final 250 iterations: -1.251e-02 per iter  (still falling)

  wrote results/step5_armA_seed3_nll.json
  weights in runs/armA_seed3_nll (gitignored)
