==================================================================================
STEP 5 MAIN RUN -- armA_seed3
==================================================================================
  arm A: state branch feeds back its own SAMPLE (autoregressive, faithful)
  auxiliary branch: teacher-forced in BOTH arms (system_dynamics.py:264)
  ensemble 1, batch 256, lr 0.0001, weight_decay 1e-05, 2500 iterations
  action alignment: causal, offset=1 (X-05)
  gradient clipping: NONE -- the reference has none in this path (5.7a)
  7687 training windows from episodes [0, 2, 3, 4, 5, 6, 7, 9]

    iter      state     bound   contact    termin      total    |grad| exp(logdel)      s
       0   47.07130 1.000e+00   0.69101 6.605e-01   49.42284    35.925    0.999900      2
      25   34.41404 9.975e-01   0.60364 2.566e-01   36.27183    22.239    0.997422     38
      50   24.23764 9.950e-01   0.39581 8.345e-03   25.63684    18.503    0.994947     70
      75   19.34158 9.926e-01   0.35160 2.762e-03   20.68853    14.846    0.992486    102
     100   18.49320 9.901e-01   0.32608 2.225e-03   19.81165    15.994    0.990043    133
     125   14.33656 9.877e-01   0.25750 2.137e-03   15.58392    12.223    0.987626    162
     150   14.07820 9.853e-01   0.16161 2.227e-03   15.22737    13.060    0.985242    193
     175   10.38885 9.830e-01   0.10048 2.011e-03   11.47435    14.267    0.982926    224
     200   10.32417 9.808e-01   0.07561 1.658e-03   11.38223    15.369    0.980706    254
     225   11.26277 9.786e-01   0.07242 1.316e-03   12.31513    13.932    0.978532    283
     250    8.32421 9.764e-01   0.06419 1.014e-03    9.36585    12.154    0.976356    314
     275    8.90975 9.743e-01   0.06076 8.211e-04    9.94558    13.004    0.974169    343
     300    9.11074 9.721e-01   0.05963 6.925e-04   10.14312    12.058    0.971972    377
     325    8.03487 9.699e-01   0.06108 5.728e-04    9.06637    12.224    0.969765    406
     350    7.98453 9.676e-01   0.05909 4.999e-04    9.01177    11.465    0.967552    439
     375    8.30548 9.654e-01   0.06033 4.336e-04    9.33167    12.738    0.965334    473
     400    7.27972 9.632e-01   0.05600 3.762e-04    8.29930    12.187    0.963113    502
     425    6.19787 9.610e-01   0.05664 3.338e-04    7.21582    11.806    0.960889    538
     450    5.71837 9.588e-01   0.05072 2.954e-04    6.72814    10.955    0.958664    572
     475    6.22089 9.565e-01   0.05192 2.709e-04    7.22960    10.157    0.956438    603
    [checkpoint 500]  e@8 0.4093  e@368 2.9203  nRMSE@8 0.3803  nRMSE@368 4.7522
     500    5.76082 9.543e-01   0.05248 2.416e-04    6.76784    12.996    0.954213    640
     525    5.71035 9.521e-01   0.04896 2.288e-04    6.71162    14.178    0.951989    676
     550    5.82572 9.499e-01   0.04851 2.137e-04    6.82430    11.074    0.949767    706
     575    4.70359 9.476e-01   0.03972 2.102e-04    5.69116    11.576    0.947547    740
     600    5.40114 9.454e-01   0.04319 2.012e-04    6.38995    13.026    0.945330    771
     625    5.06377 9.432e-01   0.04141 1.936e-04    6.04857    11.175    0.943115    807
     650    4.58150 9.410e-01   0.04098 1.869e-04    5.56365    10.476    0.940903    836
     675    4.27762 9.388e-01   0.03481 1.750e-04    5.25139     9.556    0.938695    861
     700    5.99271 9.366e-01   0.04177 1.641e-04    6.97122    12.834    0.936491    885
     725    4.51805 9.344e-01   0.03799 1.458e-04    5.49057    10.918    0.934291    910
     750    4.17071 9.322e-01   0.03450 1.369e-04    5.13753    11.726    0.932095    935
     775    4.25291 9.300e-01   0.02791 1.255e-04    5.21093    12.373    0.929903    963
     800    3.81092 9.278e-01   0.03012 1.090e-04    4.76896    11.595    0.927716    989
     825    3.98320 9.256e-01   0.03287 9.613e-05    4.94178     9.690    0.925534   1014
     850    3.29011 9.234e-01   0.02561 8.619e-05    4.23926     9.463    0.923356   1040
     875    3.49289 9.213e-01   0.02649 7.478e-05    4.44072     8.730    0.921183   1067
     900    3.46765 9.191e-01   0.02950 6.611e-05    4.41632     8.767    0.919015   1095
     925    3.99914 9.169e-01   0.03196 6.086e-05    4.94811    13.571    0.916852   1121
     950    2.93000 9.148e-01   0.02252 5.335e-05    3.86735    10.344    0.914694   1146
     975    3.16938 9.126e-01   0.02560 4.906e-05    4.10766    10.498    0.912542   1172
    1000    2.85039 9.105e-01   0.02379 4.296e-05    3.78470     9.435    0.910395   1199
    1025    3.24462 9.083e-01   0.02437 4.076e-05    4.17737    11.272    0.908252   1228
    1050    3.14071 9.062e-01   0.02669 3.596e-05    4.07363    10.415    0.906116   1257
    1075    2.58833 9.041e-01   0.02286 3.488e-05    3.51530     9.249    0.903984   1288
    1100    2.76664 9.019e-01   0.02231 3.388e-05    3.69093     9.948    0.901858   1317
    1125    2.64243 8.998e-01   0.02035 2.990e-05    3.56263     7.513    0.899738   1347
    1150    3.12403 8.977e-01   0.02086 2.915e-05    4.04263    12.371    0.897623   1376
    1175    2.59240 8.956e-01   0.01865 2.774e-05    3.50667    10.480    0.895513   1405
    1200    2.72781 8.935e-01   0.01957 2.499e-05    3.64090     9.425    0.893409   1434
    1225    2.75441 8.914e-01   0.01935 2.446e-05    3.66518    14.679    0.891311   1466
    1250    2.94599 8.893e-01   0.02150 2.241e-05    3.85681     8.801    0.889218   1495
    1275    3.08835 8.872e-01   0.02113 2.159e-05    3.99671     8.903    0.887130   1525
    1300    3.45892 8.851e-01   0.02340 2.159e-05    4.36747    10.414    0.885048   1554
    1325    2.88906 8.831e-01   0.01837 1.893e-05    3.79050     9.203    0.882972   1584
    1350    2.84931 8.810e-01   0.02008 1.931e-05    3.75039     8.326    0.880901   1614
    1375    2.72517 8.789e-01   0.01921 1.852e-05    3.62332     9.572    0.878836   1643
    1400    2.19149 8.769e-01   0.01573 1.617e-05    3.08409     9.372    0.876776   1673
    1425    2.25766 8.748e-01   0.01533 1.700e-05    3.14781    11.209    0.874722   1703
    1450    2.90827 8.728e-01   0.01889 1.755e-05    3.79993    11.203    0.872673   1732
    1475    2.20414 8.707e-01   0.01448 1.464e-05    3.08935     9.798    0.870630   1764
    1500    2.18611 8.687e-01   0.01582 1.467e-05    3.07062    11.504    0.868592   1794
    1525    2.62763 8.666e-01   0.01492 1.432e-05    3.50920     8.866    0.866560   1824
    1550    2.15158 8.646e-01   0.01261 1.406e-05    3.02882    10.076    0.864533   1854
    1575    2.28374 8.626e-01   0.01573 1.429e-05    3.16207    10.013    0.862512   1884
    1600    2.26883 8.606e-01   0.01477 1.233e-05    3.14418     9.294    0.860496   1914
    1625    2.13419 8.586e-01   0.01546 1.191e-05    3.00823     8.187    0.858486   1944
    1650    1.94764 8.566e-01   0.01165 1.350e-05    2.81587    12.692    0.856481   1974
    1675    2.17717 8.546e-01   0.01257 1.144e-05    3.04431     9.763    0.854481   2004
    1700    2.34392 8.526e-01   0.01398 1.078e-05    3.21048    10.699    0.852487   2034
    1725    2.41605 8.506e-01   0.01345 1.121e-05    3.28008     9.200    0.850499   2065
    1750    2.06179 8.486e-01   0.01192 1.073e-05    2.92232    10.345    0.848515   2097
    1775    2.24586 8.466e-01   0.01481 1.487e-05    3.10730     8.448    0.846537   2127
    1800    1.95077 8.446e-01   0.01319 1.603e-05    2.80862     7.253    0.844565   2157
    1825    2.18178 8.427e-01   0.01487 9.655e-06    3.03933    12.571    0.842598   2188
    1850    1.62653 8.407e-01   0.01081 9.939e-06    2.47806     7.040    0.840636   2218
    1875    1.94988 8.388e-01   0.01254 8.807e-06    2.80119    12.569    0.838679   2248
    1900    1.95992 8.368e-01   0.01205 1.352e-05    2.80879    11.073    0.836727   2278
    1925    1.53203 8.349e-01   0.01007 7.354e-06    2.37696    10.756    0.834781   2308
    1950    1.90522 8.329e-01   0.01128 8.269e-06    2.74943    13.503    0.832841   2338
    1975    1.83088 8.310e-01   0.00996 1.407e-05    2.67183     9.914    0.830905   2369
    2000    1.56422 8.291e-01   0.00806 7.410e-06    2.40134     8.239    0.828974   2400
    2025    1.89517 8.271e-01   0.01139 6.746e-06    2.73369     7.711    0.827049   2430
    2050    1.89149 8.252e-01   0.00974 7.882e-06    2.72644     8.546    0.825129   2461
    2075    1.74076 8.233e-01   0.01127 6.484e-06    2.57533     9.417    0.823214   2491
    2100    1.86071 8.214e-01   0.00949 1.009e-05    2.69158    10.037    0.821304   2521
    2125    1.98669 8.195e-01   0.01016 1.376e-05    2.81634     7.845    0.819399   2552
    2150    1.95744 8.176e-01   0.01050 6.965e-06    2.78552    12.833    0.817499   2582
    2175    1.47681 8.157e-01   0.00940 7.004e-06    2.30189     8.827    0.815605   2612
    2200    1.62144 8.138e-01   0.00982 6.562e-06    2.44506     7.403    0.813715   2643
    2225    1.56620 8.119e-01   0.00708 6.310e-06    2.38520     9.711    0.811831   2674
    2250    1.78540 8.100e-01   0.01003 5.572e-06    2.60546    11.976    0.809951   2705
    2275    1.71163 8.082e-01   0.00878 6.657e-06    2.52857     9.350    0.808076   2736
    2300    1.46625 8.063e-01   0.00720 5.828e-06    2.27974     8.515    0.806207   2767
    2325    1.62881 8.044e-01   0.00748 6.335e-06    2.44071     7.020    0.804342   2797
    2350    1.68823 8.026e-01   0.00800 5.760e-06    2.49880     8.656    0.802482   2827
    2375    1.33797 8.007e-01   0.00564 6.170e-06    2.14432    11.868    0.800627   2858
    2400    1.39730 7.989e-01   0.00780 5.812e-06    2.20395     7.165    0.798777   2888
    2425    1.37869 7.970e-01   0.00715 6.604e-06    2.18286     9.897    0.796932   2919
    2450    1.43365 7.952e-01   0.00589 5.727e-06    2.23471     7.898    0.795092   2949
    2475    1.56763 7.933e-01   0.00807 5.542e-06    2.36904    11.796    0.793256   2980
    2499    1.47040 7.916e-01   0.00668 1.075e-05    2.26867     7.074    0.791498   3009
    [checkpoint 2500]  e@8 0.3264  e@368 0.9153  nRMSE@8 0.2531  nRMSE@368 1.3508

----------------------------------------------------------------------------------
  wall clock 0.84 h (1.206 s/iter)
  final: state 1.4704e+00  bound 7.9157e-01  contact 6.6826e-03  termination 1.0751e-05
  grad norm: mean 10.882  median 10.447  p99 22.501  max 35.925
  spikes (>5x trailing 50-median): 0
  collapse fit: d(log_delta)/d(iter) = -9.3558e-05 +- 2.62e-08   (lr 0.0001, rate/lr 0.94)
    exp(log_delta): 0.999900 -> 0.791498
    iterations implied to reach the checkpoint's -14.4629: 154,588
  state-loss slope over the final 250 iterations: -7.811e-04 per iter  (still falling)

  wrote results/step5_armA_seed3.json
  weights in runs/armA_seed3 (gitignored)
