==================================================================================
STEP 5 MAIN RUN -- armA_seed2_m49h124
==================================================================================
  arm A: state branch feeds back its own SAMPLE (autoregressive, faithful)
  auxiliary branch: teacher-forced in BOTH arms (system_dynamics.py:264)
  ensemble 1, batch 256, lr 0.0001, weight_decay 1e-05, 2500 iterations
  rnn_hidden_size 124  (M-49 capacity-matched)
  action alignment: causal, offset=1 (X-05)
  gradient clipping: NONE -- the reference has none in this path (5.7a)
  7687 training windows from episodes [0, 2, 3, 4, 5, 6, 7, 9]

    iter      state     bound   contact    termin      total    |grad| exp(logdel)      s
       0   54.43635 1.000e+00   0.70183 7.663e-01   56.90444    67.003    0.999900      0
      25   41.66032 9.975e-01   0.65985 5.588e-01   43.87650    24.322    0.997418     12
      50   34.16373 9.950e-01   0.54387 2.602e-01   35.96286    19.823    0.994948     23
      75   32.11732 9.926e-01   0.40491 6.322e-02   33.57804    19.693    0.992498     35
     100   25.47626 9.902e-01   0.36523 2.478e-02   26.85643    16.862    0.990062     47
     125   19.94676 9.877e-01   0.35236 1.496e-02   21.30180    12.592    0.987627     59
     150   19.59723 9.853e-01   0.34132 1.088e-02   20.93473    13.317    0.985215     70
     175   15.98976 9.829e-01   0.32137 8.416e-03   17.30246    12.170    0.982822     82
     200   16.80913 9.806e-01   0.29235 7.058e-03   18.08909    11.828    0.980458     94
     225   16.28979 9.782e-01   0.23330 6.277e-03   17.50762    14.136    0.978158    105
     250   13.05966 9.760e-01   0.18648 5.762e-03   14.22793    11.727    0.975940    117
     275   13.16260 9.739e-01   0.13746 5.419e-03   14.27934    10.461    0.973778    129
     300   12.22869 9.717e-01   0.10190 4.821e-03   13.30713    10.562    0.971631    140
     325   12.98951 9.696e-01   0.09698 4.021e-03   14.06008    11.409    0.969480    152
     350   12.57148 9.674e-01   0.08407 3.375e-03   13.62634     9.661    0.967322    164
     375    9.98240 9.652e-01   0.07167 2.791e-03   11.02211    11.209    0.965156    175
     400    8.55636 9.631e-01   0.06525 2.288e-03    9.58696     9.204    0.962984    187
     425   10.35376 9.609e-01   0.06431 1.914e-03   11.38088     8.183    0.960806    199
     450    8.50761 9.587e-01   0.05450 1.628e-03    9.52244    11.589    0.958625    211
     475    8.08039 9.565e-01   0.05897 1.366e-03    9.09725    10.983    0.956441    222
    [checkpoint 500]  e@8 0.4708  e@368 3.6865  nRMSE@8 0.3922  nRMSE@368 6.2495
     500    8.72501 9.543e-01   0.06595 1.189e-03    9.74649     9.542    0.954254    237
     525    9.48511 9.522e-01   0.06642 1.027e-03   10.50471    10.735    0.952067    249
     550    8.56221 9.500e-01   0.05954 9.078e-04    9.57262     9.423    0.949879    261
     575    7.88019 9.478e-01   0.05502 8.094e-04    8.88380     8.907    0.947692    273
     600    9.18906 9.456e-01   0.06612 7.267e-04   10.20150    12.656    0.945505    285
     625    7.76093 9.434e-01   0.06289 6.486e-04    8.76787    12.383    0.943320    296
     650    7.81439 9.412e-01   0.05478 5.991e-04    8.81100     9.711    0.941136    308
     675    7.55134 9.390e-01   0.06239 5.438e-04    8.55332     9.531    0.938955    320
     700    6.52699 9.369e-01   0.04851 5.081e-04    7.51286     8.101    0.936775    332
     725    6.67897 9.347e-01   0.05731 4.657e-04    7.67144    10.450    0.934599    343
     750    7.49925 9.325e-01   0.05144 4.328e-04    8.48364     8.852    0.932426    355
     775    7.14702 9.303e-01   0.05211 3.960e-04    8.12987     9.067    0.930256    366
     800    6.67433 9.282e-01   0.05008 3.742e-04    7.65296     9.293    0.928089    378
     825    5.14837 9.260e-01   0.04526 3.452e-04    6.11998     8.987    0.925926    390
     850    6.01418 9.239e-01   0.05004 3.267e-04    6.98840     9.519    0.923767    401
     875    5.61067 9.217e-01   0.05149 3.065e-04    6.58417     9.454    0.921612    413
     900    4.98978 9.195e-01   0.04585 2.944e-04    5.95547     7.738    0.919461    424
     925    5.25885 9.174e-01   0.05042 2.769e-04    6.22695     7.552    0.917314    436
     950    5.51993 9.153e-01   0.05179 2.643e-04    6.48724     9.553    0.915172    447
     975    5.50161 9.131e-01   0.04944 2.582e-04    6.46443     6.886    0.913034    459
    1000    5.62338 9.110e-01   0.04320 2.468e-04    6.57782     8.425    0.910901    470
    1025    5.76588 9.089e-01   0.04880 2.340e-04    6.72377     9.296    0.908773    482
    1050    5.42730 9.067e-01   0.04264 2.307e-04    6.37691     8.573    0.906649    493
    1075    5.61100 9.046e-01   0.04195 2.235e-04    6.55779    10.517    0.904530    505
    1100    3.77596 9.025e-01   0.03678 2.219e-04    4.71546     9.793    0.902416    517
    1125    3.79139 9.004e-01   0.03553 2.054e-04    4.72752     8.045    0.900306    528
    1150    3.86793 8.983e-01   0.03293 1.919e-04    4.79933     7.805    0.898202    540
    1175    4.53986 8.962e-01   0.03806 1.796e-04    5.47428     8.665    0.896103    551
    1200    4.64545 8.941e-01   0.03628 1.604e-04    5.57598     9.096    0.894009    563
    1225    3.88173 8.920e-01   0.03412 1.500e-04    4.80800     7.902    0.891920    574
    1250    4.53671 8.899e-01   0.03675 1.405e-04    5.46351     7.618    0.889836    586
    1275    4.13011 8.878e-01   0.03325 1.253e-04    5.05133     7.812    0.887757    598
    1300    4.94443 8.858e-01   0.03006 1.173e-04    5.86037     8.673    0.885683    609
    1325    4.21716 8.837e-01   0.03156 1.071e-04    5.13252     7.553    0.883615    621
    1350    4.50581 8.816e-01   0.03111 9.789e-05    5.41865     8.466    0.881552    632
    1375    3.54104 8.796e-01   0.02673 8.993e-05    4.44744     6.891    0.879494    644
    1400    3.37318 8.775e-01   0.02894 8.679e-05    4.27973     8.105    0.877441    656
    1425    3.99210 8.755e-01   0.02933 8.026e-05    4.89698     8.584    0.875393    668
    1450    4.03205 8.734e-01   0.02886 7.934e-05    4.93442     7.271    0.873351    679
    1475    3.83137 8.714e-01   0.02629 7.246e-05    4.72913     7.213    0.871314    691
    1500    3.27846 8.694e-01   0.02397 7.061e-05    4.17186     8.411    0.869282    702
    1525    3.98450 8.673e-01   0.02508 6.937e-05    4.87698     7.632    0.867255    714
    1550    3.66205 8.653e-01   0.02769 6.128e-05    4.55512     5.963    0.865234    726
    1575    3.16204 8.633e-01   0.02334 6.277e-05    4.04874     7.948    0.863218    737
    1600    3.72122 8.613e-01   0.02582 5.725e-05    4.60839     6.838    0.861207    749
    1625    3.52150 8.593e-01   0.02654 5.397e-05    4.40737     7.334    0.859201    761
    1650    3.50100 8.573e-01   0.02300 5.660e-05    4.38134     8.217    0.857201    773
    1675    2.71627 8.553e-01   0.02302 5.189e-05    3.59463     7.635    0.855205    784
    1700    3.02623 8.533e-01   0.02506 4.874e-05    3.90463     7.180    0.853216    796
    1725    3.49466 8.513e-01   0.02343 4.985e-05    4.36945     7.739    0.851231    808
    1750    2.71451 8.493e-01   0.01939 4.395e-05    3.58327     6.529    0.849251    819
    1775    2.60209 8.474e-01   0.02063 4.471e-05    3.47012     6.463    0.847277    831
    1800    2.90337 8.454e-01   0.02249 4.163e-05    3.77129     7.751    0.845308    843
    1825    2.94175 8.434e-01   0.01952 4.024e-05    3.80474     5.867    0.843343    854
    1850    3.32029 8.415e-01   0.01793 4.017e-05    4.17972     8.108    0.841385    866
    1875    3.34583 8.395e-01   0.02032 4.123e-05    4.20570     7.209    0.839431    877
    1900    3.03237 8.376e-01   0.01938 3.690e-05    3.88935     7.626    0.837482    889
    1925    3.24806 8.356e-01   0.01994 3.737e-05    4.10365     6.796    0.835539    901
    1950    3.25685 8.337e-01   0.02280 3.442e-05    4.11336     9.873    0.833600    913
    1975    3.18543 8.317e-01   0.02175 3.568e-05    4.03897     8.158    0.831667    924
    2000    2.37760 8.298e-01   0.01636 3.171e-05    3.22380     6.951    0.829739    936
    2025    2.94196 8.279e-01   0.01800 3.351e-05    3.78788     7.839    0.827815    948
    2050    2.65134 8.260e-01   0.01787 3.392e-05    3.49521     7.210    0.825897    959
    2075    2.50231 8.241e-01   0.01693 2.895e-05    3.34333     9.702    0.823984    971
    2100    2.46641 8.222e-01   0.01513 3.538e-05    3.30373     7.677    0.822076    983
    2125    2.23844 8.202e-01   0.01541 2.884e-05    3.07414     6.494    0.820173    995
    2150    2.35063 8.183e-01   0.01507 2.877e-05    3.18408     6.470    0.818274   1006
    2175    2.29277 8.165e-01   0.01338 2.490e-05    3.12263     7.357    0.816381   1019
    2200    3.38635 8.146e-01   0.01949 3.034e-05    4.22044     6.979    0.814493   1030
    2225    2.43795 8.127e-01   0.01707 2.580e-05    3.26773     6.666    0.812610   1042
    2250    2.26305 8.108e-01   0.01362 2.650e-05    3.08751     6.617    0.810731   1053
    2275    2.50631 8.089e-01   0.01743 2.463e-05    3.33270     7.212    0.808858   1065
    2300    2.48985 8.071e-01   0.01334 2.955e-05    3.31029     7.905    0.806989   1077
    2325    2.91241 8.052e-01   0.01761 2.344e-05    3.73525     6.351    0.805125   1088
    2350    2.13603 8.033e-01   0.01228 2.890e-05    2.95167     7.067    0.803266   1100
    2375    2.54516 8.015e-01   0.01623 2.292e-05    3.36289     5.899    0.801412   1111
    2400    2.20789 7.996e-01   0.01513 2.255e-05    3.02269     5.942    0.799562   1123
    2425    2.34129 7.978e-01   0.01546 2.195e-05    3.15456     6.569    0.797718   1135
    2450    2.15390 7.960e-01   0.01250 1.979e-05    2.96236     6.571    0.795878   1146
    2475    1.85751 7.941e-01   0.01177 1.964e-05    2.66341     5.838    0.794043   1158
    2499    2.46904 7.924e-01   0.01584 1.953e-05    3.27726     9.237    0.792286   1169
    [checkpoint 2500]  e@8 0.3176  e@368 1.5568  nRMSE@8 0.2582  nRMSE@368 2.5410

----------------------------------------------------------------------------------
  wall clock 0.33 h (0.469 s/iter)
  final: state 2.4690e+00  bound 7.9236e-01  contact 1.5844e-02  termination 1.9527e-05
  grad norm: mean 9.228  median 8.322  p99 26.191  max 67.003
  spikes (>5x trailing 50-median): 0
  collapse fit: d(log_delta)/d(iter) = -9.3024e-05 +- 2.92e-08   (lr 0.0001, rate/lr 0.93)
    exp(log_delta): 0.999900 -> 0.792286
    iterations implied to reach the checkpoint's -14.4629: 155,476
  state-loss slope over the final 250 iterations: -5.830e-04 per iter  (still falling)

  wrote results/step5_armA_seed2_m49h124.json
  weights in runs/armA_seed2_m49h124 (gitignored)
