==================================================================================
STEP 5 MAIN RUN -- armA_seed1
==================================================================================
  arm A: state branch feeds back its own SAMPLE (autoregressive, faithful)
  auxiliary branch: teacher-forced in BOTH arms (system_dynamics.py:264)
  ensemble 1, batch 256, lr 0.0001, weight_decay 1e-05, 2500 iterations
  action alignment: causal, offset=1 (X-05)
  gradient clipping: NONE -- the reference has none in this path (5.7a)
  7687 training windows from episodes [0, 2, 3, 4, 5, 6, 7, 9]

    iter      state     bound   contact    termin      total    |grad| exp(logdel)      s
       0   45.97401 1.000e+00   0.69361 6.640e-01   48.33162    49.161    0.999900      2
      25   36.68852 9.975e-01   0.60264 2.784e-01   38.56713    23.161    0.997422     33
      50   25.37365 9.950e-01   0.39124 1.246e-02   26.77240    19.082    0.994949     62
      75   19.15365 9.926e-01   0.35271 4.053e-03   20.50299    16.271    0.992488     93
     100   17.45726 9.901e-01   0.33129 2.946e-03   18.78164    13.562    0.990048    127
     125   16.29738 9.877e-01   0.28479 2.490e-03   17.57239    15.889    0.987627    155
     150   12.81592 9.853e-01   0.19763 2.296e-03   14.00118    12.724    0.985235    184
     175   11.49175 9.830e-01   0.12416 2.247e-03   12.60116    11.075    0.982918    211
     200   10.39648 9.808e-01   0.08902 2.026e-03   11.46831    15.451    0.980697    236
     225    9.80863 9.786e-01   0.07335 1.631e-03   10.86223    13.857    0.978521    262
     250    8.72591 9.764e-01   0.07002 1.240e-03    9.77360    15.251    0.976343    288
     275    8.98360 9.742e-01   0.06654 9.765e-04   10.02536    12.066    0.974153    313
     300    7.67018 9.720e-01   0.05718 8.005e-04    8.70020    18.088    0.971952    338
     325    8.22948 9.698e-01   0.05815 6.776e-04    9.25814    12.509    0.969743    364
     350    8.56932 9.676e-01   0.06816 5.625e-04    9.60566    12.111    0.967527    398
     375    6.68411 9.654e-01   0.05540 4.824e-04    7.70539    14.059    0.965306    428
     400    6.90176 9.632e-01   0.05110 4.372e-04    7.91647    12.374    0.963083    455
     425    5.30719 9.609e-01   0.04606 3.876e-04    6.31458     9.388    0.960857    483
     450    5.26373 9.587e-01   0.04811 3.540e-04    6.27091    10.294    0.958630    511
     475    5.23153 9.565e-01   0.04494 3.254e-04    6.23329    10.063    0.956402    539
    [checkpoint 500]  e@8 0.3905  e@368 1.7735  nRMSE@8 0.3303  nRMSE@368 1.8467
     500    5.81113 9.543e-01   0.04992 2.987e-04    6.81562    11.466    0.954176    572
     525    5.45782 9.520e-01   0.05192 2.663e-04    6.46205    14.379    0.951951    599
     550    5.52699 9.498e-01   0.04199 2.625e-04    6.51906    10.538    0.949727    627
     575    7.18576 9.476e-01   0.04795 2.498e-04    8.18156    10.760    0.947505    655
     600    5.66925 9.454e-01   0.04567 2.337e-04    6.66052    12.950    0.945286    683
     625    4.77611 9.432e-01   0.03910 2.324e-04    5.75860     9.267    0.943071    712
     650    3.82407 9.409e-01   0.03581 2.145e-04    4.80104    10.686    0.940858    740
     675    4.24076 9.387e-01   0.03556 2.005e-04    5.21526    12.704    0.938649    769
     700    4.40561 9.365e-01   0.03295 1.920e-04    5.37529    10.904    0.936444    798
     725    4.55576 9.343e-01   0.03227 1.787e-04    5.52254     9.638    0.934243    827
     750    3.81007 9.321e-01   0.03156 1.625e-04    4.77393    10.320    0.932046    855
     775    3.98958 9.299e-01   0.02906 1.543e-04    4.94873     9.605    0.929853    884
     800    5.39832 9.278e-01   0.03403 1.449e-04    6.36025    16.698    0.927665    912
     825    4.76487 9.256e-01   0.03078 1.328e-04    5.72135    11.582    0.925482    941
     850    3.43149 9.234e-01   0.02651 1.245e-04    4.38152    14.278    0.923303    970
     875    3.58078 9.212e-01   0.02738 1.206e-04    4.52950    15.658    0.921130    999
     900    3.04816 9.190e-01   0.02423 1.162e-04    3.99156    10.750    0.918961   1028
     925    3.31898 9.169e-01   0.02784 1.101e-04    4.26382    10.732    0.916797   1057
     950    3.00874 9.147e-01   0.02443 1.044e-04    3.94799     9.270    0.914639   1086
     975    3.45597 9.126e-01   0.02584 9.898e-05    4.39449    10.298    0.912486   1116
    1000    3.15020 9.104e-01   0.02222 9.829e-05    4.08294    10.583    0.910338   1144
    1025    3.67440 9.083e-01   0.02656 9.217e-05    4.60933     9.976    0.908195   1172
    1050    3.27818 9.061e-01   0.02292 9.142e-05    4.20733     9.163    0.906058   1201
    1075    3.88344 9.040e-01   0.02689 8.249e-05    4.81441    11.551    0.903926   1230
    1100    2.42634 9.019e-01   0.02003 8.361e-05    3.34834    10.629    0.901800   1259
    1125    2.77666 8.998e-01   0.02319 7.538e-05    3.69969    10.701    0.899679   1287
    1150    3.39745 8.976e-01   0.02387 8.163e-05    4.31905    11.286    0.897564   1316
    1175    2.84922 8.955e-01   0.02071 7.415e-05    3.76554    11.948    0.895454   1344
    1200    3.22398 8.934e-01   0.02085 7.416e-05    4.13834    10.462    0.893349   1373
    1225    2.92862 8.913e-01   0.01999 6.797e-05    3.84001    11.743    0.891250   1402
    1250    3.20774 8.892e-01   0.02197 6.525e-05    4.11902    11.212    0.889157   1431
    1275    2.73092 8.872e-01   0.01876 6.523e-05    3.63690    10.086    0.887069   1459
    1300    2.48956 8.851e-01   0.01851 6.486e-05    3.39320    10.107    0.884987   1488
    1325    2.92904 8.830e-01   0.01905 6.259e-05    3.83114    10.979    0.882910   1517
    1350    2.10535 8.809e-01   0.01495 6.784e-05    3.00128    11.018    0.880839   1545
    1375    2.50886 8.789e-01   0.01445 5.995e-05    3.40223    11.241    0.878774   1573
    1400    2.31121 8.768e-01   0.01685 5.408e-05    3.20491     9.608    0.876714   1603
    1425    2.42584 8.747e-01   0.01558 6.007e-05    3.31622    10.003    0.874659   1632
    1450    2.17885 8.727e-01   0.01366 5.429e-05    3.06526    10.504    0.872610   1661
    1475    2.38574 8.706e-01   0.01606 5.223e-05    3.27250     9.478    0.870567   1691
    1500    1.76806 8.686e-01   0.01262 5.111e-05    2.64934     9.922    0.868529   1720
    1525    2.79065 8.666e-01   0.01749 5.298e-05    3.67477    11.657    0.866496   1749
    1550    2.35922 8.646e-01   0.01596 4.972e-05    3.23978     9.882    0.864470   1778
    1575    2.28095 8.625e-01   0.01595 5.007e-05    3.15948     9.540    0.862448   1807
    1600    2.18331 8.605e-01   0.01412 5.728e-05    3.05800     9.614    0.860432   1836
    1625    2.06773 8.585e-01   0.01209 4.142e-05    2.93836    15.904    0.858422   1865
    1650    2.60952 8.565e-01   0.01582 4.261e-05    3.48188    13.766    0.856417   1894
    1675    2.26316 8.545e-01   0.01492 3.999e-05    3.13262     9.434    0.854417   1923
    1700    1.89435 8.525e-01   0.01132 3.652e-05    2.75821     9.749    0.852423   1952
    1725    1.91695 8.505e-01   0.01087 3.533e-05    2.77837    11.753    0.850434   1982
    1750    2.18514 8.485e-01   0.01342 3.398e-05    3.04713     8.245    0.848451   2011
    1775    2.21508 8.466e-01   0.01477 3.461e-05    3.07644    10.120    0.846473   2040
    1800    1.90317 8.446e-01   0.01374 3.023e-05    2.76152     7.899    0.844500   2070
    1825    1.98274 8.426e-01   0.01190 3.897e-05    2.83729     9.092    0.842533   2099
    1850    1.99024 8.406e-01   0.01264 4.343e-05    2.84357    10.105    0.840571   2128
    1875    1.72823 8.387e-01   0.01025 2.827e-05    2.57720     8.341    0.838614   2158
    1900    1.74269 8.367e-01   0.01240 2.527e-05    2.59186    10.254    0.836663   2187
    1925    1.47546 8.348e-01   0.01021 2.406e-05    2.32049     8.775    0.834717   2217
    1950    1.81657 8.329e-01   0.01187 2.484e-05    2.66131     9.093    0.832776   2246
    1975    1.85653 8.309e-01   0.01160 2.668e-05    2.69907    10.900    0.830840   2276
    2000    1.69662 8.290e-01   0.00983 2.406e-05    2.53547    20.699    0.828909   2306
    2025    1.78275 8.271e-01   0.01035 3.918e-05    2.62020    10.015    0.826984   2337
    2050    1.78818 8.251e-01   0.00909 2.171e-05    2.62243    15.174    0.825064   2366
    2075    1.79456 8.232e-01   0.01005 2.128e-05    2.62786     9.526    0.823149   2396
    2100    1.56232 8.213e-01   0.01003 1.968e-05    2.39369    14.399    0.821239   2425
    2125    1.80592 8.194e-01   0.01055 2.074e-05    2.63589     9.966    0.819334   2455
    2150    1.89314 8.175e-01   0.01023 2.226e-05    2.72090     8.220    0.817435   2485
    2175    1.46089 8.156e-01   0.01027 1.854e-05    2.28680     9.934    0.815540   2515
    2200    1.71478 8.137e-01   0.00954 1.835e-05    2.53807    10.682    0.813650   2545
    2225    1.43859 8.118e-01   0.00831 1.680e-05    2.25875    10.550    0.811766   2575
    2250    1.46827 8.100e-01   0.00910 1.781e-05    2.28735    11.647    0.809886   2605
    2275    1.71497 8.081e-01   0.00851 3.446e-05    2.53160     9.641    0.808012   2635
    2300    1.28341 8.062e-01   0.00645 1.574e-05    2.09609     9.985    0.806142   2665
    2325    1.65245 8.044e-01   0.00768 2.620e-05    2.46450    10.186    0.804277   2695
    2350    1.44734 8.025e-01   0.00753 1.483e-05    2.25739     9.523    0.802417   2725
    2375    1.65717 8.006e-01   0.00828 1.450e-05    2.46610    11.607    0.800562   2755
    2400    1.27404 7.988e-01   0.00698 2.207e-05    2.07983     8.196    0.798712   2786
    2425    1.43921 7.969e-01   0.00705 1.389e-05    2.24321     8.864    0.796867   2817
    2450    1.33744 7.951e-01   0.00718 1.314e-05    2.13973     9.242    0.795027   2847
    2475    1.70648 7.933e-01   0.00938 1.165e-05    2.50914     9.077    0.793191   2879
    2499    1.49564 7.915e-01   0.00756 1.246e-05    2.29472    12.626    0.791434   2908
    [checkpoint 2500]  e@8 0.3341  e@368 0.9964  nRMSE@8 0.2848  nRMSE@368 1.3157

----------------------------------------------------------------------------------
  wall clock 0.81 h (1.165 s/iter)
  final: state 1.4956e+00  bound 7.9151e-01  contact 7.5587e-03  termination 1.2461e-05
  grad norm: mean 11.493  median 10.910  p99 22.538  max 49.161
  spikes (>5x trailing 50-median): 0
  collapse fit: d(log_delta)/d(iter) = -9.3589e-05 +- 2.60e-08   (lr 0.0001, rate/lr 0.94)
    exp(log_delta): 0.999900 -> 0.791434
    iterations implied to reach the checkpoint's -14.4629: 154,537
  state-loss slope over the final 250 iterations: -6.539e-04 per iter  (still falling)

  wrote results/step5_armA_seed1.json
  weights in runs/armA_seed1 (gitignored)
