==================================================================================
STEP 5 MAIN RUN -- armA_seed4_m49h124
==================================================================================
  arm A: state branch feeds back its own SAMPLE (autoregressive, faithful)
  auxiliary branch: teacher-forced in BOTH arms (system_dynamics.py:264)
  ensemble 1, batch 256, lr 0.0001, weight_decay 1e-05, 2500 iterations
  rnn_hidden_size 124  (M-49 capacity-matched)
  action alignment: causal, offset=1 (X-05)
  gradient clipping: NONE -- the reference has none in this path (5.7a)
  7687 training windows from episodes [0, 2, 3, 4, 5, 6, 7, 9]

    iter      state     bound   contact    termin      total    |grad| exp(logdel)      s
       0   51.51286 1.000e+00   0.68820 7.277e-01   53.92874    56.381    0.999900      0
      25   41.85928 9.975e-01   0.64493 5.165e-01   44.01827    24.630    0.997423     14
      50   32.43252 9.951e-01   0.56407 2.371e-01   34.22874    21.381    0.994956     27
      75   29.53270 9.926e-01   0.44777 5.482e-02   31.02790    19.212    0.992507     40
     100   24.79189 9.902e-01   0.38367 2.072e-02   26.18645    14.505    0.990065     52
     125   21.41553 9.877e-01   0.35002 1.240e-02   22.76569    12.397    0.987638     65
     150   19.69016 9.853e-01   0.31172 9.279e-03   20.99647    13.048    0.985216     77
     175   16.96813 9.829e-01   0.25249 7.868e-03   18.21139    11.277    0.982809     90
     200   17.92512 9.805e-01   0.18632 7.259e-03   19.09923    11.776    0.980427    103
     225   13.88109 9.782e-01   0.12942 5.933e-03   14.99460    10.168    0.978063    116
     250   13.48574 9.758e-01   0.10230 4.581e-03   14.56847     9.429    0.975756    128
     275   12.11050 9.736e-01   0.08627 3.619e-03   13.17401     8.092    0.973532    141
     300   11.49012 9.715e-01   0.07542 2.942e-03   12.53994     9.762    0.971377    153
     325   11.06647 9.693e-01   0.07058 2.452e-03   12.10883     9.661    0.969241    166
     350   10.16582 9.672e-01   0.06531 2.052e-03   11.20038    12.449    0.967105    179
     375   11.04261 9.650e-01   0.06462 1.730e-03   12.07401     9.499    0.964962    191
     400   11.19206 9.629e-01   0.07037 1.511e-03   12.22684     9.803    0.962811    204
     425    9.12181 9.607e-01   0.06294 1.287e-03   10.14678     8.126    0.960655    217
     450   10.03547 9.586e-01   0.06030 1.157e-03   11.05550     9.886    0.958493    229
     475    8.99677 9.564e-01   0.05770 1.021e-03   10.01190     7.802    0.956328    242
    [checkpoint 500]  e@8 0.4481  e@368 7.1184  nRMSE@8 0.4789  nRMSE@368 7.6704
     500    8.19376 9.542e-01   0.05506 9.059e-04    9.20397     7.442    0.954160    258
     525    7.79736 9.521e-01   0.05804 8.099e-04    8.80829     8.047    0.951990    270
     550    7.30673 9.499e-01   0.05229 7.369e-04    8.30967     7.680    0.949818    283
     575    7.34233 9.477e-01   0.04933 6.745e-04    8.34007     8.133    0.947646    295
     600    7.76416 9.456e-01   0.05465 6.059e-04    8.76497     7.553    0.945474    308
     625    7.01201 9.434e-01   0.05070 5.705e-04    8.00667     9.900    0.943302    321
     650    7.52698 9.412e-01   0.05668 5.238e-04    8.52540     9.168    0.941132    333
     675    7.50186 9.390e-01   0.05663 4.856e-04    8.49802     9.385    0.938963    346
     700    6.93784 9.369e-01   0.05294 4.573e-04    7.92812     8.649    0.936796    359
     725    7.21345 9.347e-01   0.05438 4.252e-04    8.20297     8.194    0.934631    371
     750    5.39114 9.326e-01   0.04750 3.980e-04    6.37160     7.096    0.932468    384
     775    7.38899 9.304e-01   0.05894 3.753e-04    8.37870     8.186    0.930309    396
     800    7.12885 9.282e-01   0.05387 3.526e-04    8.11131     8.782    0.928152    409
     825    5.39634 9.261e-01   0.05352 3.338e-04    6.37628     8.750    0.925999    421
     850    5.80246 9.239e-01   0.04752 3.199e-04    6.77424     7.858    0.923849    434
     875    5.89834 9.218e-01   0.04688 3.077e-04    6.86732     8.498    0.921702    447
     900    6.27609 9.196e-01   0.04853 2.983e-04    7.24457     9.366    0.919560    459
     925    4.82097 9.175e-01   0.04483 2.822e-04    5.78359     6.813    0.917421    472
     950    4.91411 9.154e-01   0.04037 2.767e-04    5.87013     7.308    0.915287    484
     975    6.06416 9.132e-01   0.05020 2.728e-04    7.02787    12.185    0.913156    497
    1000    4.76703 9.111e-01   0.03882 2.710e-04    5.71724     6.737    0.911030    509
    1025    6.35777 9.090e-01   0.04423 2.688e-04    7.31126    10.096    0.908908    522
    1050    4.93950 9.069e-01   0.03276 2.585e-04    5.87939     7.544    0.906791    534
    1075    4.49835 9.048e-01   0.04133 2.391e-04    5.44469     7.617    0.904678    547
    1100    4.46786 9.027e-01   0.03187 2.323e-04    5.40262     7.893    0.902570    559
    1125    3.68954 9.006e-01   0.03295 2.236e-04    4.62327     6.496    0.900467    572
    1150    4.29191 8.985e-01   0.03465 2.164e-04    5.22523     7.868    0.898368    585
    1175    4.10080 8.964e-01   0.03583 2.025e-04    5.03320     6.115    0.896274    597
    1200    4.13613 8.943e-01   0.02817 1.998e-04    5.05877     6.666    0.894185    610
    1225    4.07747 8.922e-01   0.02929 1.858e-04    4.99913     6.964    0.892101    623
    1250    3.80609 8.901e-01   0.03578 1.806e-04    4.73215     6.728    0.890022    636
    1275    4.03015 8.880e-01   0.03227 1.677e-04    4.95062     9.070    0.887948    649
    1300    4.12796 8.860e-01   0.03090 1.638e-04    5.04498     7.855    0.885878    661
    1325    3.68656 8.839e-01   0.02781 1.553e-04    4.59842     6.651    0.883814    674
    1350    3.89279 8.818e-01   0.02769 1.568e-04    4.80248     8.950    0.881755    686
    1375    3.71769 8.798e-01   0.02956 1.397e-04    4.62718     6.976    0.879701    699
    1400    4.81440 8.777e-01   0.03183 1.372e-04    5.72410     6.491    0.877651    712
    1425    4.39216 8.757e-01   0.02928 1.316e-04    5.29726     7.786    0.875607    724
    1450    3.89474 8.737e-01   0.02741 1.275e-04    4.79593     8.430    0.873568    737
    1475    4.43535 8.716e-01   0.03253 1.255e-04    5.33962     7.321    0.871534    750
    1500    3.76164 8.696e-01   0.02870 1.191e-04    4.66005     7.414    0.869506    762
    1525    2.74405 8.676e-01   0.02184 1.146e-04    3.63356     7.144    0.867482    775
    1550    3.27724 8.655e-01   0.02338 1.124e-04    4.16628     6.122    0.865464    787
    1575    2.95471 8.635e-01   0.02581 1.090e-04    3.84416     6.512    0.863450    800
    1600    3.92930 8.615e-01   0.02502 1.083e-04    4.81595     6.910    0.861442    812
    1625    3.45353 8.595e-01   0.02445 1.003e-04    4.33759     8.472    0.859439    825
    1650    3.43749 8.575e-01   0.02381 1.015e-04    4.31892     6.464    0.857441    837
    1675    3.19581 8.555e-01   0.02427 9.511e-05    4.07571     6.886    0.855448    850
    1700    3.31778 8.535e-01   0.02504 8.925e-05    4.19645     8.241    0.853460    862
    1725    2.67125 8.516e-01   0.02147 8.201e-05    3.54436     6.861    0.851478    875
    1750    3.07513 8.496e-01   0.02212 7.617e-05    3.94691     7.888    0.849500    888
    1775    3.43079 8.476e-01   0.02442 7.409e-05    4.30289     8.589    0.847528    900
    1800    2.98255 8.456e-01   0.02041 6.156e-05    3.84867     6.325    0.845560    913
    1825    2.54595 8.437e-01   0.02017 5.774e-05    3.40986     7.598    0.843598    925
    1850    3.08220 8.417e-01   0.02076 5.777e-05    3.94474     7.446    0.841641    938
    1875    3.20798 8.398e-01   0.02499 4.579e-05    4.07279     7.125    0.839689    950
    1900    2.81489 8.378e-01   0.02105 4.700e-05    3.67380     6.364    0.837742    962
    1925    3.02318 8.359e-01   0.01931 4.321e-05    3.87840     6.663    0.835800    975
    1950    3.61055 8.339e-01   0.02268 4.604e-05    4.46721     6.658    0.833863    987
    1975    2.74495 8.320e-01   0.01770 3.303e-05    3.59469     7.593    0.831931   1000
    2000    2.60503 8.301e-01   0.01931 3.193e-05    3.45445     5.626    0.830004   1012
    2025    2.45711 8.282e-01   0.01814 2.906e-05    3.30344     6.804    0.828082   1025
    2050    3.16050 8.262e-01   0.02363 3.425e-05    4.01041     7.105    0.826165   1037
    2075    2.43355 8.243e-01   0.01732 2.525e-05    3.27522     6.184    0.824253   1050
    2100    2.78800 8.224e-01   0.01775 3.699e-05    3.62821     6.690    0.822346   1063
    2125    2.48998 8.205e-01   0.01534 2.400e-05    3.32587     6.333    0.820444   1075
    2150    2.61221 8.186e-01   0.01908 2.332e-05    3.44994     6.087    0.818547   1088
    2175    2.45239 8.167e-01   0.01738 2.082e-05    3.28652     5.868    0.816655   1101
    2200    2.62502 8.148e-01   0.01690 1.972e-05    3.45678     5.983    0.814767   1113
    2225    2.96015 8.130e-01   0.01888 2.327e-05    3.79201     8.642    0.812885   1126
    2250    2.08376 8.111e-01   0.01325 2.745e-05    2.90812     6.615    0.811007   1138
    2275    2.20681 8.092e-01   0.01722 1.763e-05    3.03325     5.956    0.809134   1151
    2300    1.98873 8.073e-01   0.01587 1.717e-05    2.81196     6.015    0.807266   1164
    2325    3.00096 8.055e-01   0.01736 2.059e-05    3.82383     7.752    0.805403   1177
    2350    2.03910 8.036e-01   0.01553 1.536e-05    2.85826     5.292    0.803545   1189
    2375    2.69860 8.018e-01   0.01686 2.261e-05    3.51725     7.429    0.801691   1202
    2400    2.04957 7.999e-01   0.01536 1.414e-05    2.86485     6.136    0.799842   1215
    2425    1.96833 7.981e-01   0.01387 1.453e-05    2.78029     6.406    0.797998   1227
    2450    2.13409 7.962e-01   0.01272 2.208e-05    2.94307     6.403    0.796159   1240
    2475    2.31102 7.944e-01   0.01555 2.516e-05    3.12100     7.079    0.794325   1253
    2499    2.08299 7.926e-01   0.01295 1.305e-05    2.88859     5.959    0.792568   1265
    [checkpoint 2500]  e@8 0.2951  e@368 3.5690  nRMSE@8 0.2529  nRMSE@368 5.1926

----------------------------------------------------------------------------------
  wall clock 0.35 h (0.507 s/iter)
  final: state 2.0830e+00  bound 7.9264e-01  contact 1.2952e-02  termination 1.3054e-05
  grad norm: mean 8.566  median 7.672  p99 24.636  max 56.381
  spikes (>5x trailing 50-median): 0
  collapse fit: d(log_delta)/d(iter) = -9.2803e-05 +- 3.19e-08   (lr 0.0001, rate/lr 0.93)
    exp(log_delta): 0.999900 -> 0.792568
    iterations implied to reach the checkpoint's -14.4629: 155,845
  state-loss slope over the final 250 iterations: -2.446e-04 per iter  (still falling)

  wrote results/step5_armA_seed4_m49h124.json
  weights in runs/armA_seed4_m49h124 (gitignored)
