==================================================================================
STEP 5 MAIN RUN -- armA_seed0_nll
==================================================================================
  arm A: state branch feeds back its own SAMPLE (autoregressive, faithful)
  auxiliary branch: teacher-forced in BOTH arms (system_dynamics.py:264)
  ensemble 1, batch 256, lr 0.0001, weight_decay 1e-05, 2500 iterations
  action alignment: causal, offset=1 (X-05)
  gradient clipping: NONE -- the reference has none in this path (5.7a)
  7687 training windows from episodes [0, 2, 3, 4, 5, 6, 7, 9]
  LOSS TYPE: gaussian_nll (the authors' unused branch, system_dynamics.py:285)

    iter      state     bound   contact    termin      total    |grad| exp(logdel)      s
       0  861.31616 1.000e+00   0.68669 7.043e-01  863.70715  1030.265    1.000100      2
      25  597.87421 1.002e+00   0.59033 2.818e-01  599.74866   491.684    1.002492     34
      50  481.11145 1.005e+00   0.39998 1.593e-02  482.53198   381.178    1.004681     76
      75  371.54221 1.007e+00   0.34701 5.102e-03  372.90082   341.633    1.006586    121
     100  264.79642 1.008e+00   0.30506 3.818e-03  266.11346   262.295    1.008243    170
     125  275.07352 1.010e+00   0.22771 3.664e-03  276.31454   262.676    1.009747    218
     150  207.31367 1.011e+00   0.14245 3.464e-03  208.47069   308.690    1.011157    267
     175  213.68396 1.012e+00   0.10173 2.772e-03  214.80093   226.953    1.012524    301
     200  217.00076 1.014e+00   0.08200 2.359e-03  218.09892   304.640    1.013851    336
     225  168.61778 1.015e+00   0.07346 1.747e-03  169.70810   238.078    1.015155    360
     250  172.72467 1.016e+00   0.07172 1.352e-03  173.81412   200.545    1.016416    384
     275  175.55243 1.018e+00   0.06990 1.138e-03  176.64110   252.863    1.017674    406
     300  155.49034 1.019e+00   0.07282 8.997e-04  156.58290   237.441    1.018895    429
     325  132.68480 1.020e+00   0.06300 7.794e-04  133.76862   245.491    1.020083    452
     350  124.52512 1.021e+00   0.05050 7.082e-04  125.59754   251.363    1.021259    475
     375  128.81635 1.022e+00   0.05610 6.012e-04  129.89540   219.749    1.022415    498
     400   98.94557 1.023e+00   0.05154 5.342e-04  100.02114   182.608    1.023531    520
     425  117.18217 1.025e+00   0.05975 4.866e-04  118.26695   221.517    1.024586    543
     450  107.53526 1.026e+00   0.05486 4.451e-04  108.61617   224.998    1.025634    565
     475   86.23377 1.027e+00   0.05259 4.044e-04   87.31341   218.284    1.026678    588
    [checkpoint 500]  e@8 0.4066  e@368 2.0298  nRMSE@8 0.3696  nRMSE@368 3.0109
     500   98.65089 1.028e+00   0.05367 3.731e-04   99.73258   178.547    1.027689    615
     525   77.03999 1.029e+00   0.04687 3.277e-04   78.11584   213.289    1.028695    638
     550  132.97417 1.030e+00   0.06243 2.813e-04  134.06654   225.833    1.029707    661
     575   92.48251 1.031e+00   0.05321 2.491e-04   93.56662   194.037    1.030683    684
     600   92.00650 1.032e+00   0.04588 2.186e-04   93.08420   198.299    1.031633    706
     625   80.18455 1.033e+00   0.04792 1.970e-04   81.26523   231.625    1.032599    729
     650   69.54880 1.033e+00   0.03923 1.775e-04   70.62169   196.786    1.033531    753
     675   74.12949 1.034e+00   0.04477 1.623e-04   75.20884   196.278    1.034454    776
     700   59.93381 1.035e+00   0.03650 1.501e-04   61.00576   201.913    1.035337    798
     725   69.82500 1.036e+00   0.03496 1.340e-04   70.89632   212.072    1.036265    821
     750   69.50744 1.037e+00   0.03831 1.177e-04   70.58296   182.820    1.037138    844
     775   74.78708 1.038e+00   0.04019 1.057e-04   75.86536   172.961    1.038020    867
     800   60.63239 1.039e+00   0.03240 9.793e-05   61.70374   155.026    1.038890    890
     825   74.88572 1.040e+00   0.03595 8.807e-05   75.96149   199.841    1.039753    913
     850   59.20723 1.041e+00   0.03332 7.940e-05   60.28123   181.029    1.040646    936
     875   58.28555 1.041e+00   0.03290 7.151e-05   59.36000   179.937    1.041514    959
     900   55.59649 1.042e+00   0.02877 6.643e-05   56.66766   162.481    1.042372    982
     925   52.12243 1.043e+00   0.02700 6.023e-05   53.19268   165.658    1.043225   1004
     950   55.03498 1.044e+00   0.02615 5.649e-05   56.10522   190.667    1.044060   1027
     975   39.16027 1.045e+00   0.02532 5.159e-05   40.23050   150.648    1.044883   1052
    1000   55.90165 1.046e+00   0.02768 5.004e-05   56.97502   168.059    1.045668   1075
    1025   43.26637 1.046e+00   0.02414 4.652e-05   44.33703   157.818    1.046505   1098
    1050   44.72584 1.047e+00   0.02203 4.266e-05   45.79520   149.868    1.047314   1121
    1075   48.05502 1.048e+00   0.02627 4.133e-05   49.12942   165.735    1.048120   1144
    1100   46.61658 1.049e+00   0.02483 3.885e-05   47.69033   139.084    1.048918   1168
    1125   49.58620 1.050e+00   0.02220 3.799e-05   50.65815   139.714    1.049746   1191
    1150   38.89396 1.051e+00   0.02141 3.458e-05   39.96593   129.655    1.050559   1214
    1175   48.23822 1.051e+00   0.02426 3.249e-05   49.31383   152.031    1.051351   1238
    1200   38.69125 1.052e+00   0.02022 3.138e-05   39.76362   147.658    1.052152   1261
    1225   47.83279 1.053e+00   0.02280 2.951e-05   48.90854   189.750    1.052956   1284
    1250   35.19892 1.054e+00   0.01899 2.853e-05   36.27167   165.024    1.053761   1307
    1275   34.86587 1.055e+00   0.01767 2.846e-05   35.93809   128.920    1.054546   1331
    1300   39.35073 1.055e+00   0.02054 2.503e-05   40.42659   142.776    1.055324   1355
    1325   37.34539 1.056e+00   0.01714 2.580e-05   38.41861   166.268    1.056090   1378
    1350   35.49875 1.057e+00   0.01914 2.533e-05   36.57478   162.074    1.056894   1402
    1375   33.61154 1.058e+00   0.01638 2.352e-05   34.68560   132.107    1.057691   1425
    1400   35.55035 1.058e+00   0.01738 2.279e-05   36.62622   147.735    1.058498   1449
    1425   35.82721 1.059e+00   0.01639 2.186e-05   36.90287   172.236    1.059278   1472
    1450   45.21020 1.060e+00   0.01815 2.113e-05   46.28840   160.988    1.060054   1496
    1475   34.05006 1.061e+00   0.01712 1.906e-05   35.12801   134.248    1.060846   1520
    1500   37.80962 1.062e+00   0.01707 1.734e-05   38.88830   133.969    1.061623   1543
    1525   36.14315 1.062e+00   0.01741 1.443e-05   37.22292   160.654    1.062373   1567
    1550   41.69296 1.063e+00   0.01847 1.366e-05   42.77453   138.660    1.063121   1590
    1575   26.41461 1.064e+00   0.01543 1.119e-05   27.49396   190.041    1.063941   1614
    1600   32.11083 1.065e+00   0.01260 1.010e-05   33.18813   187.564    1.064726   1637
    1625   27.32167 1.065e+00   0.01353 8.669e-06   28.40070   123.136    1.065514   1662
    1650   31.78667 1.066e+00   0.01539 7.671e-06   32.86833   131.251    1.066287   1685
    1675   24.02423 1.067e+00   0.01151 7.701e-06   25.10279   122.148    1.067072   1709
    1700   30.04727 1.068e+00   0.01112 7.068e-06   31.12620   157.434    1.067833   1733
    1725   25.58733 1.069e+00   0.01344 6.594e-06   26.66932   134.764    1.068578   1757
    1750   24.24418 1.069e+00   0.01159 6.532e-06   25.32507   114.328    1.069319   1781
    1775   27.14037 1.070e+00   0.01240 5.715e-06   28.22282   134.007    1.070078   1805
    1800   35.06247 1.071e+00   0.01477 6.177e-06   36.14806   141.717    1.070841   1829
    1825   31.28511 1.072e+00   0.01490 5.870e-06   32.37160   125.417    1.071614   1853
    1850   26.39348 1.072e+00   0.01320 5.429e-06   27.47906   122.017    1.072409   1877
    1875   25.07033 1.073e+00   0.01264 5.028e-06   26.15613   134.025    1.073182   1901
    1900   23.85908 1.074e+00   0.01079 5.094e-06   24.94377   135.933    1.073935   1925
    1925   27.72334 1.075e+00   0.01452 5.459e-06   28.81256   132.219    1.074723   1949
    1950   24.77294 1.075e+00   0.01135 4.841e-06   25.85977   121.815    1.075504   1974
    1975   20.90641 1.076e+00   0.01044 4.610e-06   21.99310   166.478    1.076283   1998
    2000   28.58041 1.077e+00   0.01115 8.782e-06   29.66859   149.044    1.077044   2022
    2025   23.12116 1.078e+00   0.00879 8.502e-06   24.20772   114.149    1.077783   2046
    2050   20.75884 1.079e+00   0.00958 4.503e-06   21.84697   126.715    1.078576   2071
    2075   20.09668 1.079e+00   0.01141 4.004e-06   21.18740   105.462    1.079348   2095
    2100   21.79359 1.080e+00   0.00900 7.365e-06   22.88268   116.581    1.080106   2119
    2125   24.88321 1.081e+00   0.01041 4.555e-06   25.97445    93.980    1.080848   2144
    2150   22.55550 1.082e+00   0.00983 6.944e-06   23.64691   129.676    1.081603   2168
    2175   18.78491 1.082e+00   0.00926 8.761e-06   19.87651   110.033    1.082360   2193
    2200   22.00173 1.083e+00   0.00904 3.624e-06   23.09387   137.118    1.083121   2218
    2225   22.81011 1.084e+00   0.00844 3.912e-06   23.90240   150.018    1.083884   2242
    2250   18.73008 1.085e+00   0.00964 3.662e-06   19.82437   125.562    1.084667   2266
    2275   18.52779 1.085e+00   0.00866 3.748e-06   19.62187   125.115    1.085439   2291
    2300   19.24187 1.086e+00   0.00846 4.289e-06   20.33652    94.863    1.086218   2316
    2325   19.46289 1.087e+00   0.00979 3.085e-06   20.55964   162.738    1.086983   2340
    2350   17.11109 1.088e+00   0.00806 7.286e-06   18.20687   157.245    1.087742   2365
    2375   20.02339 1.088e+00   0.00962 3.132e-06   21.12149   115.326    1.088506   2390
    2400   17.02524 1.089e+00   0.00838 6.777e-06   18.12284    98.834    1.089241   2414
    2425   23.45436 1.090e+00   0.00949 6.970e-06   24.55381   170.585    1.089984   2438
    2450   16.86806 1.091e+00   0.00633 2.971e-06   17.96511   167.072    1.090753   2463
    2475   15.35252 1.091e+00   0.00713 3.134e-06   16.45114   152.988    1.091515   2487
    2499   18.49947 1.092e+00   0.00997 2.912e-06   19.60166   112.174    1.092245   2511
    [checkpoint 2500]  e@8 0.3093  e@368 0.6530  nRMSE@8 0.2623  nRMSE@368 0.9222

----------------------------------------------------------------------------------
  wall clock 0.70 h (1.006 s/iter)
  final: state 1.8499e+01  bound 1.0922e+00  contact 9.9697e-03  termination 2.9117e-06
  grad norm: mean 178.988  median 160.686  p99 507.042  max 1030.265
  spikes (>5x trailing 50-median): 0
  collapse fit: d(log_delta)/d(iter) = 3.2571e-05 +- 3.25e-07   (lr 0.0001, rate/lr 0.33)
    exp(log_delta): 1.000100 -> 1.092245
    iterations implied to reach the checkpoint's -14.4629: -444,049
  state-loss slope over the final 250 iterations: -1.224e-02 per iter  (still falling)

  wrote results/step5_armA_seed0_nll.json
  weights in runs/armA_seed0_nll (gitignored)
