==================================================================================
STEP 5 MAIN RUN -- armA_seed2_10k
==================================================================================
  arm A: state branch feeds back its own SAMPLE (autoregressive, faithful)
  auxiliary branch: teacher-forced in BOTH arms (system_dynamics.py:264)
  ensemble 1, batch 256, lr 0.0001, weight_decay 1e-05, 10000 iterations
  action alignment: causal, offset=1 (X-05)
  gradient clipping: NONE -- the reference has none in this path (5.7a)
  7687 training windows from episodes [0, 2, 3, 4, 5, 6, 7, 9]

    iter      state     bound   contact    termin      total    |grad| exp(logdel)      s
       0   50.73402 1.000e+00   0.68700 6.876e-01   53.10863    52.917    0.999900      1
      25   36.04869 9.975e-01   0.58526 2.506e-01   37.88205    23.707    0.997427     25
      50   25.85985 9.951e-01   0.39995 1.032e-02   27.26518    18.507    0.994964     50
      75   22.36944 9.926e-01   0.35255 3.462e-03   23.71806    16.601    0.992511     75
     100   17.16213 9.902e-01   0.33074 2.544e-03   18.48559    14.783    0.990071     99
     125   14.15506 9.877e-01   0.27452 2.421e-03   15.41974    13.419    0.987647    124
     150   13.76952 9.854e-01   0.18573 2.665e-03   14.94327    12.381    0.985262    148
     175   11.13615 9.831e-01   0.11741 2.430e-03   12.23904    15.761    0.982960    173
     200   12.10166 9.808e-01   0.09225 1.975e-03   13.17672    12.343    0.980751    198
     225   11.76118 9.787e-01   0.06583 1.497e-03   12.80716    14.649    0.978571    222
     250    9.28996 9.765e-01   0.07195 1.066e-03   10.33945    13.815    0.976387    247
     275    9.29992 9.743e-01   0.06360 8.357e-04   10.33864    10.043    0.974192    272
     300    8.56314 9.721e-01   0.05629 6.869e-04    9.59220    12.367    0.971987    296
     325    9.40453 9.699e-01   0.07245 5.402e-04   10.44738    16.103    0.969774    321
     350    8.49650 9.676e-01   0.06401 4.457e-04    9.52861    13.217    0.967554    346
     375    6.54410 9.654e-01   0.05594 3.702e-04    7.56583     9.925    0.965331    371
     400    5.72534 9.632e-01   0.05305 3.078e-04    6.74189    10.446    0.963104    395
     425    7.20282 9.610e-01   0.05432 2.617e-04    8.21837    12.806    0.960875    420
     450    5.69241 9.587e-01   0.04443 2.326e-04    6.69581    16.253    0.958645    445
     475    5.37987 9.565e-01   0.04847 2.020e-04    6.38506    11.801    0.956416    469
    [checkpoint 500]  e@8 0.4164  e@368 1.8405  nRMSE@8 0.3997  nRMSE@368 2.6509
     500    5.51054 9.543e-01   0.05327 1.828e-04    6.51826    11.174    0.954187    498
     525    6.19526 9.520e-01   0.05238 1.655e-04    7.19986    11.666    0.951959    522
     550    5.54148 9.498e-01   0.04554 1.518e-04    6.53699     9.575    0.949733    547
     575    4.89457 9.476e-01   0.04007 1.338e-04    5.88238    10.662    0.947510    572
     600    5.96566 9.454e-01   0.04453 1.157e-04    6.95568    11.135    0.945289    596
     625    4.87731 9.432e-01   0.04102 9.712e-05    5.86158    11.003    0.943072    621
     650    4.91817 9.409e-01   0.03645 8.503e-05    5.89565    13.175    0.940857    646
     675    4.98672 9.387e-01   0.03952 7.131e-05    5.96505    12.348    0.938647    671
     700    3.99958 9.365e-01   0.02929 6.294e-05    4.96546    11.268    0.936440    696
     725    4.24308 9.343e-01   0.03532 5.425e-05    5.21277     7.794    0.934237    721
     750    4.82585 9.321e-01   0.03359 4.819e-05    5.79161    10.106    0.932039    746
     775    4.38074 9.299e-01   0.03154 4.270e-05    5.34226     9.771    0.929845    771
     800    4.12041 9.277e-01   0.03014 3.856e-05    5.07833    12.499    0.927656    796
     825    3.09509 9.256e-01   0.02567 3.391e-05    4.04635    10.603    0.925472    821
     850    3.68610 9.234e-01   0.02764 3.149e-05    4.63715    10.609    0.923292    845
     875    3.60475 9.212e-01   0.03084 2.958e-05    4.55682    11.649    0.921117    870
     900    3.14477 9.190e-01   0.02358 2.757e-05    4.08741    11.733    0.918948    895
     925    3.33655 9.169e-01   0.02782 2.645e-05    4.28127     9.881    0.916783    920
     950    3.51014 9.147e-01   0.02850 2.407e-05    4.45337    11.352    0.914624    945
     975    3.75193 9.126e-01   0.02915 2.398e-05    4.69366    11.687    0.912470    970
    1000    3.54488 9.104e-01   0.02355 2.263e-05    4.47886    13.205    0.910321    995
    1025    3.71666 9.083e-01   0.02677 2.067e-05    4.65171     9.998    0.908178   1020
    1050    3.57128 9.061e-01   0.02260 2.065e-05    4.50002    11.454    0.906040   1045
    1075    3.71900 9.040e-01   0.02342 1.950e-05    4.64643    11.435    0.903907   1070
    1100    2.39626 9.019e-01   0.01936 1.895e-05    3.31750    15.305    0.901780   1095
    1125    2.37617 8.997e-01   0.01908 1.768e-05    3.29501    10.853    0.899659   1120
    1150    2.37003 8.976e-01   0.01861 1.789e-05    3.28628     9.695    0.897542   1145
    1175    2.94136 8.955e-01   0.02273 1.675e-05    3.85962     9.364    0.895432   1170
    1200    2.95335 8.934e-01   0.02078 1.567e-05    3.86755     7.571    0.893327   1195
    1225    2.43336 8.913e-01   0.01898 1.565e-05    3.34367    10.005    0.891227   1220
    1250    3.04202 8.892e-01   0.02211 1.506e-05    3.95337     8.832    0.889134   1245
    1275    2.68708 8.871e-01   0.02019 1.461e-05    3.59441    11.680    0.887045   1270
    1300    3.14146 8.850e-01   0.01718 1.438e-05    4.04371     9.611    0.884962   1295
    1325    2.82884 8.830e-01   0.02002 1.347e-05    3.73184    12.335    0.882885   1320
    1350    2.88027 8.809e-01   0.01740 1.377e-05    3.77857     9.898    0.880814   1345
    1375    2.28934 8.788e-01   0.01560 1.337e-05    3.18378    10.107    0.878748   1370
    1400    2.20087 8.768e-01   0.01691 1.335e-05    3.09456    10.065    0.876687   1395
    1425    2.66537 8.747e-01   0.01733 1.269e-05    3.55743    12.567    0.874632   1419
    1450    2.65535 8.727e-01   0.01775 1.266e-05    3.54578     8.773    0.872583   1444
    1475    2.49118 8.706e-01   0.01641 1.192e-05    3.37823     7.641    0.870539   1469
    1500    2.16165 8.686e-01   0.01462 1.081e-05    3.04487    13.028    0.868501   1494
    1525    2.51109 8.665e-01   0.01361 1.243e-05    3.39127     9.332    0.866468   1519
    1550    2.45547 8.645e-01   0.01681 9.798e-06    3.33681     9.376    0.864441   1544
    1575    2.09964 8.625e-01   0.01398 9.978e-06    2.97613    10.408    0.862419   1569
    1600    2.54022 8.605e-01   0.01631 9.191e-06    3.41702    11.767    0.860403   1594
    1625    2.41129 8.585e-01   0.01605 8.628e-06    3.28582     8.635    0.858392   1619
    1650    2.25780 8.565e-01   0.01227 9.586e-06    3.12655     8.093    0.856387   1644
    1675    1.82117 8.545e-01   0.01360 8.455e-06    2.68925     9.655    0.854387   1670
    1700    1.99510 8.525e-01   0.01629 8.263e-06    2.86388     9.250    0.852393   1695
    1725    2.27256 8.505e-01   0.01372 8.361e-06    3.13678     9.188    0.850404   1720
    1750    1.78743 8.485e-01   0.01027 7.584e-06    2.64621     8.281    0.848420   1745
    1775    1.64142 8.465e-01   0.01171 7.171e-06    2.49966     8.004    0.846442   1770
    1800    1.88353 8.445e-01   0.01451 6.934e-06    2.74259    10.455    0.844469   1795
    1825    1.92772 8.426e-01   0.01244 6.427e-06    2.78275     9.395    0.842502   1820
    1850    2.18388 8.406e-01   0.01037 7.575e-06    3.03488    10.206    0.840539   1844
    1875    2.07901 8.387e-01   0.01266 8.296e-06    2.93034    12.398    0.838582   1869
    1900    2.01161 8.367e-01   0.01201 6.929e-06    2.86033    12.148    0.836631   1894
    1925    2.03271 8.348e-01   0.01273 6.385e-06    2.88020     7.573    0.834684   1919
    1950    2.16762 8.328e-01   0.01487 5.881e-06    3.01532    10.445    0.832743   1944
    1975    1.97882 8.309e-01   0.01216 6.331e-06    2.82187    10.078    0.830807   1969
    2000    1.55966 8.290e-01   0.00985 5.777e-06    2.39847     7.767    0.828877   1994
    2025    1.86951 8.270e-01   0.00996 5.805e-06    2.70650    11.050    0.826951   2019
    2050    1.66650 8.251e-01   0.01044 5.566e-06    2.50205     9.723    0.825031   2044
    2075    1.64372 8.232e-01   0.00924 5.031e-06    2.47616    10.844    0.823116   2069
    2100    1.57031 8.213e-01   0.00804 6.069e-06    2.39964     7.880    0.821206   2094
    2125    1.45773 8.194e-01   0.00877 4.910e-06    2.28588     8.335    0.819301   2118
    2150    1.55038 8.175e-01   0.00756 4.908e-06    2.37541    10.452    0.817401   2143
    2175    1.48832 8.156e-01   0.00738 4.696e-06    2.31129     7.859    0.815506   2168
    2200    2.19871 8.137e-01   0.01122 5.695e-06    3.02362    11.982    0.813617   2193
    2225    1.55761 8.118e-01   0.00946 4.659e-06    2.37888    11.460    0.811732   2218
    2250    1.48717 8.099e-01   0.00674 4.890e-06    2.30384     9.180    0.809852   2243
    2275    1.60853 8.081e-01   0.00962 4.583e-06    2.42620     8.666    0.807977   2269
    2300    1.58763 8.062e-01   0.00664 4.980e-06    2.40045     7.446    0.806108   2294
    2325    1.87795 8.043e-01   0.00953 4.706e-06    2.69181     9.246    0.804243   2319
    2350    1.32291 8.025e-01   0.00669 4.988e-06    2.13206    11.172    0.802383   2344
    2375    1.70607 8.006e-01   0.01087 5.536e-06    2.51755     8.242    0.800528   2370
    2400    1.47575 7.988e-01   0.00781 4.219e-06    2.28232     7.524    0.798678   2394
    2425    1.48777 7.969e-01   0.00845 4.387e-06    2.29313    10.584    0.796833   2420
    2450    1.33909 7.951e-01   0.00746 5.567e-06    2.14162     7.815    0.794992   2445
    2475    1.18523 7.932e-01   0.00597 4.281e-06    1.98444    10.998    0.793157   2470
    [checkpoint 2500]  e@8 0.3285  e@368 1.0096  nRMSE@8 0.2867  nRMSE@368 1.1123
    2500    1.93948 7.914e-01   0.00930 1.438e-05    2.74019     8.893    0.791326   2499
    2525    1.46334 7.896e-01   0.00649 3.842e-06    2.25941    13.625    0.789500   2523
    2550    1.62450 7.878e-01   0.00714 4.270e-06    2.41939    11.432    0.787679   2548
    2575    1.27825 7.859e-01   0.00656 3.936e-06    2.07075     7.336    0.785863   2573
    2600    1.36460 7.841e-01   0.00617 3.886e-06    2.15490    11.970    0.784051   2599
    2625    1.47905 7.823e-01   0.00680 3.639e-06    2.26817     9.585    0.782244   2624
    2650    1.42535 7.805e-01   0.00721 8.243e-06    2.21308     6.594    0.780441   2649
    2675    1.18290 7.787e-01   0.00459 3.582e-06    1.96621     8.352    0.778644   2674
    2700    1.47320 7.769e-01   0.00560 3.810e-06    2.25573    10.909    0.776851   2699
    2725    1.18926 7.751e-01   0.00547 3.477e-06    1.96988    10.630    0.775062   2724
    2750    1.13862 7.733e-01   0.00412 3.457e-06    1.91610    10.341    0.773278   2749
    2775    1.15128 7.716e-01   0.00478 6.449e-06    1.92764     7.975    0.771499   2774
    2800    1.12280 7.698e-01   0.00473 6.012e-06    1.89733     9.040    0.769725   2799
    2825    1.33175 7.680e-01   0.00685 3.532e-06    2.10663    13.496    0.767954   2824
    2850    1.22376 7.663e-01   0.00494 3.364e-06    1.99496    14.347    0.766189   2849
    2875    1.14079 7.645e-01   0.00420 3.744e-06    1.90949    11.941    0.764428   2875
    2900    1.32469 7.627e-01   0.00483 7.453e-06    2.09227     8.072    0.762671   2900
    2925    1.16401 7.610e-01   0.00423 3.085e-06    1.92923    10.876    0.760919   2925
    2950    1.30284 7.592e-01   0.00564 1.301e-05    2.06773    10.342    0.759172   2950
    2975    1.25027 7.575e-01   0.00391 1.365e-05    2.01170     9.308    0.757428   2975
    3000    1.26422 7.558e-01   0.00468 3.162e-06    2.02466     8.100    0.755690   3001
    3025    1.37310 7.540e-01   0.00460 2.764e-06    2.13173     6.480    0.753955   3026
    3050    1.42466 7.523e-01   0.00446 2.985e-06    2.18142     8.677    0.752225   3051
    3075    1.11868 7.506e-01   0.00396 3.151e-06    1.87321    13.743    0.750500   3076
    3100    1.51637 7.488e-01   0.00514 3.119e-06    2.27036    13.875    0.748779   3101
    3125    1.12738 7.471e-01   0.00404 2.957e-06    1.87855     8.202    0.747062   3127
    3150    1.20681 7.454e-01   0.00561 2.876e-06    1.95783    12.780    0.745349   3152
    3175    1.11309 7.437e-01   0.00404 2.942e-06    1.86084     7.477    0.743641   3177
    3200    1.06061 7.420e-01   0.00397 8.814e-06    1.80660     9.232    0.741937   3203
    3225    1.12190 7.403e-01   0.00389 3.057e-06    1.86610     6.422    0.740237   3228
    3250    1.16453 7.386e-01   0.00372 1.628e-05    1.90688     7.137    0.738542   3253
    3275    1.01890 7.369e-01   0.00391 2.855e-06    1.75973     8.110    0.736851   3280
    3300    1.23751 7.352e-01   0.00367 2.700e-06    1.97641     8.966    0.735164   3305
    3325    1.11470 7.335e-01   0.00374 8.903e-06    1.85200    10.363    0.733481   3330
    3350    1.05686 7.319e-01   0.00386 7.139e-06    1.79260     8.678    0.731802   3356
    3375    0.90202 7.302e-01   0.00397 2.608e-06    1.63619     7.752    0.730128   3382
    3400    1.06087 7.285e-01   0.00416 6.568e-06    1.79356     8.405    0.728457   3407
    3425    1.19573 7.269e-01   0.00443 6.369e-06    1.92703    10.778    0.726791   3433
    3450    1.01504 7.252e-01   0.00315 2.754e-06    1.74339     8.660    0.725129   3458
    3475    1.09775 7.235e-01   0.00279 2.779e-06    1.82409     7.379    0.723471   3484
    3500    0.92447 7.219e-01   0.00373 8.660e-06    1.65009     9.328    0.721817   3510
    3525    1.11547 7.202e-01   0.00259 2.456e-06    1.83830     9.495    0.720168   3536
    3550    1.00023 7.186e-01   0.00281 2.748e-06    1.72163     8.269    0.718522   3562
    3575    0.95850 7.169e-01   0.00243 2.672e-06    1.67788     8.760    0.716880   3588
    3600    1.03148 7.153e-01   0.00314 2.324e-06    1.74993     7.773    0.715243   3613
    3625    1.04711 7.137e-01   0.00260 2.618e-06    1.76338     9.791    0.713609   3639
    3650    0.90749 7.120e-01   0.00331 2.652e-06    1.62284    10.095    0.711980   3666
    3675    1.06941 7.104e-01   0.00354 5.128e-06    1.78338     7.500    0.710354   3692
    3700    1.26813 7.088e-01   0.00371 2.506e-06    1.98065    12.235    0.708733   3718
    3725    1.01896 7.072e-01   0.00329 2.681e-06    1.72943     7.187    0.707115   3744
    3750    1.00837 7.056e-01   0.00335 4.888e-06    1.71729     8.683    0.705501   3770
    3775    0.99790 7.040e-01   0.00285 2.768e-06    1.70471    10.111    0.703891   3796
    3800    1.01844 7.023e-01   0.00290 2.504e-06    1.72369     7.576    0.702286   3822
    3825    0.95600 7.007e-01   0.00253 5.404e-06    1.65928     7.580    0.700684   3848
    3850    1.03024 6.991e-01   0.00390 5.400e-06    1.73330     7.477    0.699086   3874
    3875    0.95953 6.976e-01   0.00244 3.625e-06    1.65953     7.682    0.697492   3900
    3900    0.93589 6.960e-01   0.00297 4.792e-06    1.63483     7.620    0.695901   3925
    3925    0.88110 6.944e-01   0.00202 2.629e-06    1.57750     9.054    0.694315   3952
    3950    0.81698 6.928e-01   0.00217 2.296e-06    1.51195     6.048    0.692732   3978
    3975    0.83697 6.912e-01   0.00169 2.409e-06    1.52987     7.956    0.691153   4004
    4000    1.01086 6.896e-01   0.00243 2.379e-06    1.70293     6.237    0.689578   4031
    4025    1.06444 6.881e-01   0.00210 3.262e-06    1.75461     7.637    0.688007   4057
    4050    0.82495 6.865e-01   0.00200 2.389e-06    1.51346     7.946    0.686440   4083
    4075    1.09962 6.849e-01   0.00229 2.334e-06    1.78685     6.349    0.684876   4109
    4100    0.79892 6.834e-01   0.00188 2.376e-06    1.48419     8.409    0.683316   4135
    4125    0.81191 6.818e-01   0.00198 5.409e-06    1.49572     8.937    0.681760   4161
    4150    0.78675 6.803e-01   0.00182 2.238e-06    1.46884     7.806    0.680208   4187
    4175    0.81546 6.787e-01   0.00230 2.422e-06    1.49648     8.923    0.678659   4213
    4200    0.80376 6.772e-01   0.00206 2.129e-06    1.48299     8.844    0.677114   4239
    4225    0.98328 6.756e-01   0.00187 2.725e-06    1.66078    10.088    0.675573   4265
    4250    0.70110 6.741e-01   0.00186 2.286e-06    1.37706    10.356    0.674035   4291
    4275    0.78313 6.726e-01   0.00242 2.170e-06    1.45812     9.537    0.672501   4317
    4300    0.86309 6.710e-01   0.00164 2.298e-06    1.53577     5.491    0.670971   4344
    4325    0.90103 6.695e-01   0.00242 3.381e-06    1.57295    10.193    0.669445   4370
    4350    0.90006 6.680e-01   0.00194 2.122e-06    1.56999    14.555    0.667922   4396
    4375    0.97047 6.665e-01   0.00214 2.230e-06    1.63908     8.904    0.666402   4422
    4400    0.80887 6.649e-01   0.00186 2.082e-06    1.47568     9.689    0.664887   4448
    4425    0.99304 6.634e-01   0.00168 1.963e-06    1.65815     8.703    0.663374   4474
    4450    0.76246 6.619e-01   0.00208 4.300e-06    1.42647     6.690    0.661866   4500
    4475    0.75855 6.604e-01   0.00217 2.320e-06    1.42114     6.124    0.660361   4527
    4500    0.70559 6.589e-01   0.00167 2.060e-06    1.36618     6.932    0.658860   4553
    4525    0.79653 6.574e-01   0.00141 2.059e-06    1.45536     6.410    0.657362   4579
    4550    0.71285 6.559e-01   0.00160 2.031e-06    1.37037    10.341    0.655868   4606
    4575    0.91898 6.544e-01   0.00237 3.743e-06    1.57579    12.078    0.654377   4632
    4600    0.77065 6.529e-01   0.00176 2.249e-06    1.42535     6.165    0.652890   4658
    4625    0.67753 6.515e-01   0.00149 2.158e-06    1.33049     6.709    0.651406   4685
    4650    0.82835 6.500e-01   0.00184 2.896e-06    1.48018    11.676    0.649926   4711
    4675    0.92068 6.485e-01   0.00155 2.305e-06    1.57074     8.841    0.648449   4737
    4700    0.76317 6.470e-01   0.00185 2.332e-06    1.41206     5.470    0.646976   4764
    4725    0.80122 6.456e-01   0.00163 3.014e-06    1.44842     9.059    0.645506   4790
    4750    0.65074 6.441e-01   0.00148 2.188e-06    1.29631    15.193    0.644040   4817
    4775    0.74931 6.426e-01   0.00133 2.021e-06    1.39328     6.276    0.642577   4843
    4800    0.88343 6.412e-01   0.00218 2.835e-06    1.52679     7.112    0.641118   4869
    4825    0.65879 6.397e-01   0.00133 2.067e-06    1.29985     6.331    0.639662   4896
    4850    0.66586 6.383e-01   0.00137 1.986e-06    1.30551     7.659    0.638209   4922
    4875    0.64379 6.368e-01   0.00213 2.076e-06    1.28274    11.946    0.636760   4949
    4900    0.84884 6.354e-01   0.00217 6.647e-06    1.48639     9.976    0.635314   4975
    4925    0.75173 6.339e-01   0.00157 2.015e-06    1.38723     5.729    0.633872   5002
    4950    0.85680 6.325e-01   0.00143 1.964e-06    1.49072     8.697    0.632433   5028
    4975    0.78501 6.311e-01   0.00144 2.682e-06    1.41750     8.720    0.630997   5055
    [checkpoint 5000]  e@8 0.3455  e@368 0.7384  nRMSE@8 0.3044  nRMSE@368 0.7953
    5000    0.73780 6.296e-01   0.00162 5.902e-06    1.36905     6.739    0.629565   5085
    5025    0.81427 6.282e-01   0.00183 3.539e-06    1.44431    10.389    0.628136   5111
    5050    0.72951 6.268e-01   0.00177 1.896e-06    1.35804     7.390    0.626710   5138
    5075    0.68289 6.253e-01   0.00242 1.896e-06    1.31066     5.770    0.625288   5164
    5100    0.60948 6.239e-01   0.00118 1.978e-06    1.23458     6.869    0.623869   5191
    5125    0.76668 6.225e-01   0.00120 3.123e-06    1.39040     9.068    0.622454   5219
    5150    0.71821 6.211e-01   0.00196 1.943e-06    1.34128     7.716    0.621041   5246
    5175    0.64237 6.197e-01   0.00161 1.754e-06    1.26368     7.044    0.619632   5272
    5200    0.76649 6.183e-01   0.00140 4.291e-06    1.38618     5.562    0.618227   5299
    5225    0.70010 6.169e-01   0.00139 1.890e-06    1.31837     7.664    0.616824   5326
    5250    0.89637 6.155e-01   0.00139 3.191e-06    1.51324    10.023    0.615425   5353
    5275    0.73587 6.141e-01   0.00123 1.714e-06    1.35119     6.541    0.614029   5379
    5300    0.73029 6.127e-01   0.00127 1.794e-06    1.34425     8.071    0.612636   5406
    5325    0.61583 6.113e-01   0.00167 1.747e-06    1.22881    10.846    0.611247   5432
    5350    0.61243 6.099e-01   0.00154 1.938e-06    1.22389     8.531    0.609861   5459
    5375    0.74472 6.085e-01   0.00198 2.777e-06    1.35523     7.552    0.608478   5485
    5400    0.57145 6.072e-01   0.00166 4.022e-06    1.18026     9.537    0.607098   5512
    5425    0.69658 6.058e-01   0.00130 1.874e-06    1.30365     6.200    0.605721   5538
    5450    0.66574 6.044e-01   0.00123 1.709e-06    1.27137    10.445    0.604348   5565
    5475    0.77876 6.030e-01   0.00119 3.349e-06    1.38299     8.698    0.602978   5591
    5500    0.63353 6.017e-01   0.00176 1.648e-06    1.23696     9.900    0.601611   5617
    5525    0.59436 6.003e-01   0.00114 1.849e-06    1.19580     8.006    0.600248   5643
    5550    0.67590 5.989e-01   0.00138 4.890e-06    1.27623     7.503    0.598887   5669
    5575    0.77067 5.976e-01   0.00219 2.773e-06    1.37045     7.216    0.597529   5696
    5600    0.62508 5.962e-01   0.00152 3.511e-06    1.22283     8.749    0.596175   5722
    5625    0.78958 5.949e-01   0.00201 3.111e-06    1.38647    11.349    0.594823   5748
    5650    0.63065 5.935e-01   0.00145 1.608e-06    1.22563     8.518    0.593475   5775
    5675    0.53282 5.922e-01   0.00116 1.616e-06    1.12617     5.134    0.592130   5801
    5700    0.60003 5.908e-01   0.00143 1.926e-06    1.19230     8.941    0.590787   5827
    5725    0.57668 5.895e-01   0.00165 1.669e-06    1.16783    11.611    0.589448   5854
    5750    0.63988 5.882e-01   0.00123 1.639e-06    1.22927     9.191    0.588112   5880
    5775    0.63675 5.868e-01   0.00147 3.455e-06    1.22506     6.229    0.586779   5906
    5800    0.66511 5.855e-01   0.00127 1.698e-06    1.25188     8.486    0.585450   5933
    5825    0.61928 5.842e-01   0.00096 1.681e-06    1.20442     9.267    0.584124   5959
    5850    0.59984 5.829e-01   0.00069 1.567e-06    1.18338     7.499    0.582801   5985
    5875    0.58139 5.815e-01   0.00119 1.673e-06    1.16412     6.516    0.581480   6011
    5900    0.59939 5.802e-01   0.00105 1.683e-06    1.18065     6.253    0.580163   6038
    5925    0.68060 5.789e-01   0.00104 1.487e-06    1.26054     6.852    0.578849   6064
    5950    0.66076 5.776e-01   0.00130 1.561e-06    1.23965     9.482    0.577537   6090
    5975    0.73842 5.763e-01   0.00125 1.634e-06    1.31596     5.695    0.576229   6116
    6000    0.57190 5.750e-01   0.00082 1.892e-06    1.14770     6.363    0.574924   6143
    6025    0.56726 5.737e-01   0.00115 2.136e-06    1.14208    12.961    0.573621   6169
    6050    0.60482 5.724e-01   0.00114 1.656e-06    1.17833    14.145    0.572322   6195
    6075    0.52112 5.711e-01   0.00113 1.597e-06    1.09332    11.770    0.571025   6221
    6100    0.59630 5.698e-01   0.00077 1.560e-06    1.16685    11.403    0.569732   6247
    6125    0.61825 5.685e-01   0.00102 3.690e-06    1.18777     6.830    0.568441   6273
    6150    0.64656 5.672e-01   0.00113 2.401e-06    1.21490     7.137    0.567153   6299
    6175    0.53716 5.659e-01   0.00112 1.419e-06    1.10420     7.317    0.565868   6325
    6200    0.56135 5.646e-01   0.00125 1.458e-06    1.12724     8.927    0.564587   6352
    6225    0.60177 5.634e-01   0.00125 1.626e-06    1.16638    10.789    0.563308   6378
    6250    0.58242 5.621e-01   0.00149 1.528e-06    1.14600     8.050    0.562032   6404
    6275    0.60970 5.608e-01   0.00107 1.421e-06    1.17159     7.437    0.560759   6430
    6300    0.48624 5.595e-01   0.00089 1.419e-06    1.04667     6.642    0.559490   6456
    6325    0.57481 5.583e-01   0.00101 1.834e-06    1.13410     6.393    0.558223   6482
    6350    0.50095 5.570e-01   0.00076 1.514e-06    1.05872     7.394    0.556959   6508
    6375    0.59304 5.557e-01   0.00102 1.659e-06    1.14981     7.853    0.555698   6534
    6400    0.56941 5.545e-01   0.00079 1.505e-06    1.12469     8.713    0.554440   6560
    6425    0.56428 5.532e-01   0.00114 1.460e-06    1.11865    10.764    0.553185   6586
    6450    0.55605 5.520e-01   0.00121 1.619e-06    1.10925     8.213    0.551933   6612
    6475    0.54456 5.507e-01   0.00127 1.519e-06    1.09656     6.347    0.550683   6638
    6500    0.55866 5.495e-01   0.00128 1.453e-06    1.10943     7.804    0.549437   6664
    6525    0.55612 5.482e-01   0.00115 1.423e-06    1.10551     7.309    0.548193   6690
    6550    0.50639 5.470e-01   0.00090 1.388e-06    1.05429     5.671    0.546952   6716
    6575    0.64626 5.458e-01   0.00141 3.826e-06    1.19343     7.791    0.545713   6742
    6600    0.62692 5.445e-01   0.00051 1.381e-06    1.17196     7.412    0.544478   6768
    6625    0.56369 5.433e-01   0.00090 1.616e-06    1.10789     9.768    0.543245   6794
    6650    0.65481 5.421e-01   0.00097 1.401e-06    1.19785     6.407    0.542015   6820
    6675    0.59110 5.408e-01   0.00074 2.792e-06    1.13268     8.687    0.540788   6845
    6700    0.59205 5.396e-01   0.00098 2.453e-06    1.13265     7.283    0.539564   6871
    6725    0.48822 5.384e-01   0.00114 1.367e-06    1.02775     7.185    0.538342   6897
    6750    0.50695 5.372e-01   0.00071 1.302e-06    1.04484     7.339    0.537124   6922
    6775    0.51954 5.360e-01   0.00086 2.274e-06    1.05636     8.660    0.535908   6948
    6800    0.60235 5.347e-01   0.00110 3.530e-06    1.13819     6.021    0.534694   6974
    6825    0.57647 5.335e-01   0.00071 1.320e-06    1.11072     8.277    0.533484   7000
    6850    0.53207 5.323e-01   0.00115 1.455e-06    1.06555     8.776    0.532276   7026
    6875    0.58187 5.311e-01   0.00071 2.730e-06    1.11370    12.140    0.531071   7052
    6900    0.47503 5.299e-01   0.00090 1.241e-06    1.00584     7.718    0.529869   7078
    6925    0.58026 5.287e-01   0.00130 1.475e-06    1.11027     6.690    0.528669   7104
    6950    0.44402 5.275e-01   0.00056 1.378e-06    0.97211     8.076    0.527472   7130
    6975    0.44258 5.263e-01   0.00088 1.272e-06    0.96978     6.136    0.526278   7156
    7000    0.43845 5.251e-01   0.00071 1.317e-06    0.96429     6.393    0.525087   7182
    7025    0.55558 5.239e-01   0.00128 1.301e-06    1.08081    10.816    0.523898   7208
    7050    0.56938 5.228e-01   0.00079 1.272e-06    1.09294     9.697    0.522713   7234
    7075    0.53665 5.216e-01   0.00072 1.637e-06    1.05895     7.449    0.521530   7260
    7100    0.56074 5.204e-01   0.00062 1.232e-06    1.08176     7.044    0.520350   7286
    7125    0.59905 5.192e-01   0.00069 1.281e-06    1.11896     5.137    0.519173   7312
    7150    0.46212 5.180e-01   0.00072 1.271e-06    0.98088     6.069    0.517998   7338
    7175    0.39554 5.169e-01   0.00100 1.257e-06    0.91342     8.511    0.516826   7364
    7200    0.50352 5.157e-01   0.00177 2.984e-06    1.02099     9.409    0.515657   7390
    7225    0.48910 5.145e-01   0.00083 1.209e-06    1.00447     8.109    0.514491   7416
    7250    0.58673 5.134e-01   0.00061 1.353e-06    1.10072     8.400    0.513327   7441
    7275    0.49485 5.122e-01   0.00058 1.316e-06    1.00765     6.929    0.512165   7467
    7300    0.38984 5.111e-01   0.00062 1.084e-06    0.90151     8.232    0.511006   7493
    7325    0.44604 5.099e-01   0.00053 2.855e-06    0.95647     7.252    0.509850   7519
    7350    0.53564 5.087e-01   0.00104 3.061e-06    1.04543     7.115    0.508697   7545
    7375    0.48334 5.076e-01   0.00079 1.145e-06    0.99173     6.060    0.507546   7571
    7400    0.46738 5.064e-01   0.00072 1.098e-06    0.97455     7.880    0.506398   7597
    7425    0.42024 5.053e-01   0.00094 1.046e-06    0.92648     9.294    0.505252   7622
    7450    0.53687 5.042e-01   0.00135 3.129e-06    1.04237     6.400    0.504109   7648
    7475    0.48120 5.030e-01   0.00055 1.192e-06    0.98476    10.875    0.502968   7674
    [checkpoint 7500]  e@8 0.3420  e@368 0.5595  nRMSE@8 0.2755  nRMSE@368 0.5733
    7500    0.45602 5.019e-01   0.00113 1.199e-06    0.95903     7.464    0.501831   7704
    7525    0.48383 5.007e-01   0.00058 1.195e-06    0.98515     8.428    0.500695   7730
    7550    0.44635 4.996e-01   0.00064 1.171e-06    0.94660     8.214    0.499562   7755
    7575    0.42809 4.985e-01   0.00071 2.155e-06    0.92728     8.895    0.498432   7781
    7600    0.52012 4.973e-01   0.00074 1.121e-06    1.01821     5.879    0.497305   7807
    7625    0.54154 4.962e-01   0.00088 2.130e-06    1.03865     6.434    0.496179   7832
    7650    0.49895 4.951e-01   0.00048 1.176e-06    0.99453     6.067    0.495057   7858
    7675    0.52933 4.940e-01   0.00046 1.162e-06    1.02377    14.593    0.493937   7884
    7700    0.53006 4.929e-01   0.00074 1.131e-06    1.02366     9.575    0.492819   7910
    7725    0.51255 4.917e-01   0.00044 1.227e-06    1.00473     9.635    0.491704   7936
    7750    0.41939 4.906e-01   0.00075 4.786e-06    0.91078    10.176    0.490592   7961
    7775    0.48418 4.895e-01   0.00065 3.135e-06    0.97436     4.943    0.489482   7987
    7800    0.49984 4.884e-01   0.00059 1.241e-06    0.98886     7.269    0.488375   8013
    7825    0.42326 4.873e-01   0.00085 1.143e-06    0.91143     8.265    0.487270   8039
    7850    0.45064 4.862e-01   0.00055 2.701e-06    0.93740     8.931    0.486167   8065
    7875    0.42322 4.851e-01   0.00073 2.510e-06    0.90906     6.406    0.485067   8091
    7900    0.42247 4.840e-01   0.00077 1.113e-06    0.90726     6.188    0.483970   8117
    7925    0.41958 4.829e-01   0.00051 2.179e-06    0.90301     8.257    0.482875   8143
    7950    0.46389 4.818e-01   0.00162 1.137e-06    0.94734     6.556    0.481783   8169
    7975    0.36104 4.807e-01   0.00071 2.258e-06    0.84249     7.928    0.480693   8194
    8000    0.46582 4.796e-01   0.00091 3.744e-06    0.94638     7.849    0.479605   8220
    8025    0.43762 4.786e-01   0.00075 2.524e-06    0.91694     6.785    0.478520   8246
    8050    0.41376 4.775e-01   0.00063 9.742e-07    0.89187     6.263    0.477437   8272
    8075    0.41190 4.764e-01   0.00111 1.057e-06    0.88941     7.919    0.476357   8297
    8100    0.40443 4.753e-01   0.00171 1.049e-06    0.88147     9.749    0.475279   8323
    8125    0.42274 4.742e-01   0.00060 2.051e-06    0.89759     6.749    0.474204   8349
    8150    0.45728 4.732e-01   0.00052 1.037e-06    0.93098     9.176    0.473131   8375
    8175    0.41903 4.721e-01   0.00052 1.036e-06    0.89166     5.798    0.472061   8401
    8200    0.41078 4.710e-01   0.00047 9.724e-07    0.88229     8.819    0.470993   8426
    8225    0.44103 4.700e-01   0.00042 1.028e-06    0.91142     8.697    0.469927   8452
    8250    0.38560 4.689e-01   0.00083 1.925e-06    0.85535     5.522    0.468864   8478
    8275    0.40963 4.678e-01   0.00065 1.035e-06    0.87813     9.991    0.467803   8503
    8300    0.49839 4.668e-01   0.00064 1.152e-06    0.96582     7.200    0.466745   8529
    8325    0.41396 4.657e-01   0.00081 1.068e-06    0.88050     6.387    0.465689   8555
    8350    0.39984 4.647e-01   0.00087 1.071e-06    0.86539     5.648    0.464636   8580
    8375    0.37453 4.636e-01   0.00102 1.158e-06    0.83918     5.147    0.463584   8606
    8400    0.44044 4.626e-01   0.00102 1.068e-06    0.90404     5.302    0.462536   8631
    8425    0.37747 4.615e-01   0.00037 1.003e-06    0.83938     5.601    0.461489   8657
    8450    0.38733 4.605e-01   0.00060 9.402e-07    0.84841     6.756    0.460445   8683
    8475    0.45105 4.594e-01   0.00048 1.020e-06    0.91098     7.890    0.459403   8708
    8500    0.39514 4.584e-01   0.00097 1.897e-06    0.85452     5.523    0.458364   8734
    8525    0.45042 4.574e-01   0.00054 9.410e-07    0.90833     6.904    0.457327   8760
    8550    0.39763 4.563e-01   0.00044 9.062e-07    0.85441     5.419    0.456292   8785
    8575    0.46178 4.553e-01   0.00060 1.018e-06    0.91767     7.230    0.455260   8811
    8600    0.37522 4.543e-01   0.00031 9.901e-07    0.82981     6.241    0.454230   8838
    8625    0.44446 4.532e-01   0.00052 9.140e-07    0.89823     6.057    0.453202   8864
    8650    0.39325 4.522e-01   0.00050 1.076e-06    0.84598     6.465    0.452177   8890
    8675    0.42887 4.512e-01   0.00073 1.946e-06    0.88079     6.628    0.451154   8915
    8700    0.35332 4.502e-01   0.00038 9.072e-07    0.80387     5.608    0.450133   8941
    8725    0.38410 4.492e-01   0.00450 9.437e-07    0.83776     4.830    0.449115   8967
    8750    0.39773 4.481e-01   0.00117 2.507e-06    0.84705     6.969    0.448099   8992
    8775    0.39355 4.471e-01   0.00060 9.791e-07    0.84127     5.915    0.447085   9018
    8800    0.42889 4.461e-01   0.00045 9.919e-07    0.87546     7.676    0.446074   9044
    8825    0.35797 4.451e-01   0.00054 9.806e-07    0.80362     8.584    0.445064   9070
    8850    0.37579 4.441e-01   0.00044 9.912e-07    0.82033     6.468    0.444057   9095
    8875    0.38891 4.431e-01   0.00044 9.405e-07    0.83244     5.751    0.443053   9121
    8900    0.43201 4.421e-01   0.00039 9.289e-07    0.87448     8.526    0.442050   9146
    8925    0.38962 4.411e-01   0.00073 9.408e-07    0.83143     8.344    0.441050   9172
    8950    0.36762 4.401e-01   0.00066 1.009e-06    0.80836     6.534    0.440052   9198
    8975    0.39790 4.391e-01   0.00058 9.433e-07    0.83758     6.676    0.439057   9224
    9000    0.41228 4.381e-01   0.00049 1.209e-06    0.85087     6.074    0.438063   9250
    9025    0.33132 4.371e-01   0.00042 2.227e-06    0.76885     7.630    0.437072   9276
    9050    0.37560 4.361e-01   0.00076 2.623e-06    0.81249     8.765    0.436084   9301
    9075    0.33823 4.351e-01   0.00073 9.291e-07    0.77409     7.624    0.435097   9327
    9100    0.44756 4.342e-01   0.00051 8.789e-07    0.88222     7.691    0.434113   9353
    9125    0.40716 4.332e-01   0.00057 9.673e-07    0.84089     8.650    0.433132   9379
    9150    0.37916 4.322e-01   0.00046 8.946e-07    0.81181     7.357    0.432152   9404
    9175    0.36246 4.312e-01   0.00068 2.970e-06    0.79435     6.910    0.431175   9430
    9200    0.37617 4.302e-01   0.00072 9.034e-07    0.80713    13.568    0.430200   9456
    9225    0.37633 4.293e-01   0.00065 9.012e-07    0.80625     6.348    0.429228   9481
    9250    0.33878 4.283e-01   0.00071 9.013e-07    0.76779     5.231    0.428257   9507
    9275    0.39072 4.273e-01   0.00060 9.463e-07    0.81865    10.427    0.427289   9538
    9300    0.45081 4.264e-01   0.00084 1.009e-06    0.87802     8.888    0.426323   9575
    9325    0.32255 4.254e-01   0.00071 8.677e-07    0.74866     6.528    0.425359   9615
    9350    0.37766 4.244e-01   0.00055 8.926e-07    0.80265     5.857    0.424397   9652
    9375    0.45363 4.235e-01   0.00053 9.041e-07    0.87764     5.670    0.423438   9690
    9400    0.34796 4.225e-01   0.00048 1.864e-06    0.77096     6.185    0.422480   9726
    9425    0.36357 4.216e-01   0.00079 1.892e-06    0.78592     6.641    0.421525   9759
    9450    0.34720 4.206e-01   0.00048 8.849e-07    0.76829     7.273    0.420572   9793
    9475    0.31124 4.197e-01   0.00041 9.895e-07    0.73131     8.025    0.419621   9825
    9500    0.34807 4.187e-01   0.00102 1.718e-06    0.76780     7.991    0.418673   9856
    9525    0.41515 4.178e-01   0.00077 8.462e-07    0.83369     9.591    0.417726   9887
    9550    0.38321 4.168e-01   0.00046 9.778e-07    0.80049     8.527    0.416782   9918
    9575    0.40995 4.159e-01   0.00044 1.711e-06    0.82627    11.475    0.415839   9949
    9600    0.38466 4.149e-01   0.00052 8.803e-07    0.80012     7.393    0.414899   9980
    9625    0.40113 4.140e-01   0.00108 8.505e-07    0.81621     5.921    0.413961  10012
    9650    0.34004 4.131e-01   0.00044 2.710e-06    0.75354     6.832    0.413025  10043
    9675    0.38408 4.121e-01   0.00067 9.333e-07    0.79688     5.851    0.412091  10074
    9700    0.35066 4.112e-01   0.00041 8.836e-07    0.76227     5.594    0.411160  10105
    9725    0.32165 4.103e-01   0.00038 8.170e-07    0.73229     8.894    0.410230  10137
    9750    0.39896 4.093e-01   0.00046 2.406e-06    0.80876     6.524    0.409302  10168
    9775    0.41234 4.084e-01   0.00100 9.044e-07    0.82175    11.240    0.408377  10199
    9800    0.32542 4.075e-01   0.00047 8.036e-07    0.73338     8.593    0.407454  10230
    9825    0.38085 4.066e-01   0.00043 8.660e-07    0.78785     8.845    0.406532  10261
    9850    0.36182 4.057e-01   0.00031 1.935e-06    0.76779     6.677    0.405613  10293
    9875    0.34529 4.047e-01   0.00043 8.504e-07    0.75045     7.736    0.404696  10324
    9900    0.35002 4.038e-01   0.00050 8.112e-07    0.75435     5.199    0.403781  10355
    9925    0.34384 4.029e-01   0.00047 8.539e-07    0.74721     9.691    0.402868  10386
    9950    0.34823 4.020e-01   0.00020 7.865e-07    0.75043    10.693    0.401958  10418
    9975    0.31333 4.011e-01   0.00034 7.861e-07    0.71475     5.515    0.401049  10449
    9999    0.32789 4.002e-01   0.00041 1.783e-06    0.72852     6.542    0.400178  10482
    [checkpoint 10000]  e@8 0.3330  e@368 0.5043  nRMSE@8 0.2558  nRMSE@368 0.4933

----------------------------------------------------------------------------------
  wall clock 2.91 h (1.049 s/iter)
  final: state 3.2789e-01  bound 4.0021e-01  contact 4.0949e-04  termination 1.7828e-06
  grad norm: mean 8.914  median 8.455  p99 16.532  max 52.917
  spikes (>5x trailing 50-median): 0
  collapse fit: d(log_delta)/d(iter) = -9.1357e-05 +- 2.66e-08   (lr 0.0001, rate/lr 0.91)
    exp(log_delta): 0.999900 -> 0.400178
    iterations implied to reach the checkpoint's -14.4629: 158,312
  state-loss slope over the final 250 iterations: -4.220e-05 per iter  (still falling)

  wrote results/step5_armA_seed2_10k.json
  weights in runs/armA_seed2_10k (gitignored)
