==================================================================================
STEP 5 MAIN RUN -- armB_seed1_10k
==================================================================================
  arm B: state branch feeds back the TRUE next state (teacher forcing)
  auxiliary branch: teacher-forced in BOTH arms (system_dynamics.py:264)
  ensemble 1, batch 256, lr 0.0001, weight_decay 1e-05, 10000 iterations
  action alignment: causal, offset=1 (X-05)
  gradient clipping: NONE -- the reference has none in this path (5.7a)
  7687 training windows from episodes [0, 2, 3, 4, 5, 6, 7, 9]

    iter      state     bound   contact    termin      total    |grad| exp(logdel)      s
       0    7.07166 1.000e+00   0.69361 6.640e-01    9.42927     2.186    0.999900      1
      25    6.85257 9.975e-01   0.60264 2.784e-01    8.73116     1.653    0.997404     31
      50    5.70848 9.950e-01   0.39124 1.246e-02    7.10719     1.176    0.994917     62
      75    5.17035 9.925e-01   0.35271 4.053e-03    6.51965     1.173    0.992440     94
     100    5.00806 9.901e-01   0.33129 2.946e-03    6.33237     1.036    0.989975    125
     125    4.83094 9.876e-01   0.28479 2.490e-03    6.10584     1.163    0.987520    156
     150    3.92050 9.852e-01   0.19763 2.296e-03    5.10561     1.259    0.985083    187
     175    3.31202 9.828e-01   0.12416 2.247e-03    4.42120     1.263    0.982681    218
     200    2.97340 9.804e-01   0.08902 2.026e-03    4.04484     1.697    0.980306    250
     225    2.67182 9.780e-01   0.07335 1.631e-03    3.72484     1.320    0.977941    281
     250    2.48883 9.757e-01   0.07002 1.240e-03    3.53576     1.384    0.975579    313
     275    2.71892 9.733e-01   0.06654 9.765e-04    3.75975     3.303    0.973220    344
     300    2.26649 9.710e-01   0.05718 8.005e-04    3.29543     1.495    0.970865    377
     325    2.29548 9.686e-01   0.05815 6.776e-04    3.32292     2.074    0.968515    408
     350    2.61159 9.663e-01   0.06816 5.625e-04    3.64658     1.581    0.966169    439
     375    1.93481 9.639e-01   0.05540 4.824e-04    2.95462     1.672    0.963829    472
     400    1.92925 9.616e-01   0.05110 4.372e-04    2.94237     1.949    0.961495    504
     425    1.46266 9.593e-01   0.04606 3.876e-04    2.46837     2.066    0.959167    536
     450    1.48907 9.569e-01   0.04811 3.540e-04    2.49446     2.784    0.956844    568
     475    1.48986 9.546e-01   0.04494 3.254e-04    2.48975     2.762    0.954528    600
    [checkpoint 500]  e@8 0.4475  e@368 5.5894  nRMSE@8 0.3910  nRMSE@368 6.3305
     500    1.71940 9.523e-01   0.04992 2.987e-04    2.72193     1.663    0.952219    636
     525    1.54323 9.500e-01   0.05192 2.663e-04    2.54543     2.193    0.949916    669
     550    1.41616 9.477e-01   0.04199 2.625e-04    2.40613     1.265    0.947620    701
     575    2.18395 9.454e-01   0.04795 2.498e-04    3.17757     1.774    0.945330    733
     600    1.67616 9.431e-01   0.04567 2.337e-04    2.66520     1.651    0.943047    765
     625    1.36950 9.409e-01   0.03910 2.324e-04    2.34969     2.391    0.940771    798
     650    1.25735 9.386e-01   0.03581 2.145e-04    2.23197     2.455    0.938502    830
     675    1.29248 9.363e-01   0.03556 2.005e-04    2.26458     1.844    0.936240    863
     700    1.23877 9.341e-01   0.03295 1.920e-04    2.20599     1.854    0.933984    895
     725    1.29596 9.318e-01   0.03227 1.787e-04    2.26024     2.103    0.931736    927
     750    1.14694 9.296e-01   0.03156 1.625e-04    2.10825     2.338    0.929494    960
     775    1.22911 9.273e-01   0.02906 1.543e-04    2.18568     4.447    0.927259    993
     800    1.65584 9.251e-01   0.03403 1.449e-04    2.61514     2.436    0.925031   1025
     825    1.44251 9.229e-01   0.03078 1.328e-04    2.39632     5.598    0.922810   1058
     850    1.08669 9.207e-01   0.02651 1.245e-04    2.03401     5.162    0.920596   1090
     875    1.10489 9.185e-01   0.02738 1.206e-04    2.05086     2.842    0.918388   1122
     900    0.90382 9.163e-01   0.02423 1.162e-04    1.84444     3.023    0.916187   1155
     925    1.08017 9.141e-01   0.02784 1.101e-04    2.02220     1.555    0.913993   1187
     950    0.93288 9.119e-01   0.02443 1.044e-04    1.86931     3.105    0.911806   1219
     975    1.02021 9.097e-01   0.02584 9.898e-05    1.95586     2.916    0.909626   1252
    1000    0.98886 9.075e-01   0.02222 9.829e-05    1.91872     4.439    0.907452   1285
    1025    1.16514 9.054e-01   0.02656 9.217e-05    2.09716     3.525    0.905285   1317
    1050    1.03644 9.032e-01   0.02292 9.142e-05    1.96266     3.053    0.903125   1350
    1075    1.19975 9.011e-01   0.02689 8.249e-05    2.12778     3.174    0.900971   1382
    1100    0.76217 8.989e-01   0.02003 8.361e-05    1.68119     1.679    0.898824   1414
    1125    0.83446 8.968e-01   0.02319 7.538e-05    1.75449     2.026    0.896683   1447
    1150    1.08932 8.946e-01   0.02387 8.163e-05    2.00791     3.294    0.894549   1480
    1175    0.88738 8.925e-01   0.02071 7.415e-05    1.80068     2.216    0.892422   1512
    1200    1.06470 8.904e-01   0.02085 7.416e-05    1.97600     2.023    0.890301   1544
    1225    1.00252 8.883e-01   0.01999 6.797e-05    1.91085     3.179    0.888186   1577
    1250    0.97844 8.862e-01   0.02197 6.525e-05    1.88664     1.249    0.886078   1609
    1275    0.78205 8.841e-01   0.01876 6.523e-05    1.68494     3.163    0.883976   1642
    1300    0.78293 8.820e-01   0.01851 6.486e-05    1.68347     1.798    0.881880   1673
    1325    0.89420 8.799e-01   0.01905 6.259e-05    1.79319     1.737    0.879791   1706
    1350    0.64932 8.778e-01   0.01495 6.784e-05    1.54213     5.294    0.877708   1737
    1375    0.76243 8.757e-01   0.01445 5.995e-05    1.65265     2.083    0.875631   1769
    1400    0.71762 8.736e-01   0.01685 5.408e-05    1.60817     2.941    0.873561   1801
    1425    0.78867 8.716e-01   0.01558 6.007e-05    1.67589     2.495    0.871497   1833
    1450    0.63368 8.695e-01   0.01366 5.429e-05    1.51692     1.489    0.869438   1866
    1475    0.72667 8.675e-01   0.01606 5.223e-05    1.61025     5.059    0.867386   1898
    1500    0.58384 8.654e-01   0.01262 5.111e-05    1.46193     2.528    0.865340   1931
    1525    0.86410 8.634e-01   0.01749 5.298e-05    1.74502     3.174    0.863300   1963
    1550    0.72569 8.613e-01   0.01596 4.972e-05    1.60305     1.920    0.861266   1995
    1575    0.69457 8.593e-01   0.01595 5.007e-05    1.56990     4.789    0.859238   2027
    1600    0.69563 8.573e-01   0.01412 5.728e-05    1.56710     2.743    0.857216   2060
    1625    0.61118 8.553e-01   0.01209 4.142e-05    1.47859     1.641    0.855200   2092
    1650    0.77569 8.533e-01   0.01582 4.261e-05    1.64483     4.970    0.853190   2124
    1675    0.73441 8.513e-01   0.01492 3.999e-05    1.60064     2.482    0.851186   2156
    1700    0.59857 8.493e-01   0.01132 3.652e-05    1.45920     1.912    0.849187   2189
    1725    0.58956 8.473e-01   0.01087 3.533e-05    1.44774     3.530    0.847194   2221
    1750    0.66103 8.453e-01   0.01342 3.398e-05    1.51978     2.641    0.845207   2253
    1775    0.73594 8.433e-01   0.01477 3.461e-05    1.59406     2.442    0.843226   2286
    1800    0.56259 8.413e-01   0.01374 3.023e-05    1.41769     4.601    0.841250   2318
    1825    0.56774 8.394e-01   0.01190 3.897e-05    1.41904     2.783    0.839280   2350
    1850    0.65320 8.374e-01   0.01264 4.343e-05    1.50327     2.926    0.837316   2383
    1875    0.53875 8.354e-01   0.01025 2.827e-05    1.38446     1.909    0.835357   2415
    1900    0.53907 8.335e-01   0.01240 2.527e-05    1.38498     2.298    0.833404   2447
    1925    0.46076 8.315e-01   0.01021 2.406e-05    1.30253     2.845    0.831456   2479
    1950    0.51674 8.296e-01   0.01187 2.484e-05    1.35823     1.351    0.829514   2512
    1975    0.56627 8.277e-01   0.01160 2.668e-05    1.40555     3.273    0.827578   2544
    2000    0.47552 8.257e-01   0.00983 2.406e-05    1.31110     3.523    0.825647   2576
    2025    0.57266 8.238e-01   0.01035 3.918e-05    1.40685     2.536    0.823721   2608
    2050    0.54282 8.219e-01   0.00909 2.171e-05    1.37381     2.089    0.821800   2641
    2075    0.58559 8.200e-01   0.01005 2.128e-05    1.41562     2.078    0.819886   2673
    2100    0.50065 8.181e-01   0.01003 1.968e-05    1.32876     3.623    0.817976   2705
    2125    0.56530 8.161e-01   0.01055 2.074e-05    1.39201     1.533    0.816072   2738
    2150    0.55554 8.142e-01   0.01023 2.226e-05    1.38004     3.564    0.814173   2770
    2175    0.47272 8.124e-01   0.01027 1.854e-05    1.29537     3.045    0.812279   2803
    2200    0.53184 8.105e-01   0.00954 1.835e-05    1.35186     2.750    0.810390   2835
    2225    0.43976 8.086e-01   0.00831 1.680e-05    1.25667     2.618    0.808507   2868
    2250    0.46202 8.067e-01   0.00910 1.781e-05    1.27784     2.418    0.806629   2901
    2275    0.51136 8.048e-01   0.00851 3.446e-05    1.32473     1.479    0.804756   2934
    2300    0.41644 8.030e-01   0.00645 1.574e-05    1.22587     2.027    0.802888   2967
    2325    0.48450 8.011e-01   0.00768 2.620e-05    1.29330     2.423    0.801025   3000
    2350    0.45612 7.992e-01   0.00753 1.483e-05    1.26291     1.686    0.799167   3032
    2375    0.50359 7.974e-01   0.00828 1.450e-05    1.30928     1.647    0.797315   3065
    2400    0.41543 7.955e-01   0.00698 2.207e-05    1.21798     3.643    0.795467   3097
    2425    0.43868 7.937e-01   0.00705 1.389e-05    1.23944     3.348    0.793624   3130
    2450    0.40202 7.919e-01   0.00718 1.314e-05    1.20107     3.916    0.791787   3162
    2475    0.54807 7.900e-01   0.00938 1.165e-05    1.34749     1.679    0.789954   3195
    [checkpoint 2500]  e@8 0.3713  e@368 3.7147  nRMSE@8 0.3337  nRMSE@368 4.4602
    2500    0.49158 7.882e-01   0.00769 1.876e-05    1.28749     3.440    0.788126   3232
    2525    0.44804 7.864e-01   0.00796 1.250e-05    1.24239     3.854    0.786303   3264
    2550    0.48387 7.846e-01   0.00778 1.210e-05    1.27622     1.884    0.784485   3297
    2575    0.44841 7.827e-01   0.00596 1.165e-05    1.23713     3.198    0.782672   3329
    2600    0.48323 7.809e-01   0.00640 1.160e-05    1.27058     1.999    0.780863   3362
    2625    0.42150 7.791e-01   0.00703 1.043e-05    1.20767     1.456    0.779060   3394
    2650    0.53612 7.773e-01   0.00922 1.486e-05    1.32268     2.240    0.777261   3426
    2675    0.48717 7.755e-01   0.00779 9.840e-06    1.27051     1.760    0.775467   3459
    2700    0.39311 7.737e-01   0.00548 9.433e-06    1.17235     2.084    0.773678   3491
    2725    0.44539 7.720e-01   0.00671 1.987e-05    1.22409     1.445    0.771893   3524
    2750    0.39707 7.702e-01   0.00522 8.482e-06    1.17248     1.612    0.770113   3556
    2775    0.40804 7.684e-01   0.00630 8.717e-06    1.18276     2.588    0.768338   3588
    2800    0.44977 7.666e-01   0.00561 8.143e-06    1.22202     2.780    0.766567   3620
    2825    0.46487 7.649e-01   0.00625 7.994e-06    1.23600     3.914    0.764801   3653
    2850    0.36751 7.631e-01   0.00541 1.151e-05    1.13605     1.136    0.763040   3685
    2875    0.38640 7.614e-01   0.00556 7.711e-06    1.15332     1.823    0.761283   3717
    2900    0.39222 7.596e-01   0.00501 7.710e-06    1.15685     3.154    0.759531   3749
    2925    0.37202 7.579e-01   0.00439 7.279e-06    1.13427     2.597    0.757784   3782
    2950    0.34613 7.561e-01   0.00459 6.362e-06    1.10683     1.653    0.756040   3814
    2975    0.38633 7.544e-01   0.00439 9.652e-06    1.14510     3.421    0.754302   3846
    3000    0.39823 7.526e-01   0.00515 5.819e-06    1.15602     1.837    0.752568   3879
    3025    0.41215 7.509e-01   0.00525 8.007e-06    1.16831     1.788    0.750838   3911
    3050    0.45806 7.492e-01   0.00527 6.074e-06    1.21252     1.769    0.749113   3943
    3075    0.31750 7.475e-01   0.00479 5.421e-06    1.06976     2.509    0.747392   3977
    3100    0.37343 7.457e-01   0.00525 5.613e-06    1.12443     3.930    0.745676   4009
    3125    0.36152 7.440e-01   0.00454 5.615e-06    1.11010     2.363    0.743963   4042
    3150    0.34644 7.423e-01   0.00491 4.874e-06    1.09368     1.832    0.742256   4074
    3175    0.43092 7.406e-01   0.00531 6.178e-06    1.17685     1.491    0.740553   4107
    3200    0.32137 7.389e-01   0.00369 5.062e-06    1.06398     1.726    0.738854   4139
    3225    0.33412 7.372e-01   0.00399 4.712e-06    1.07535     1.745    0.737159   4171
    3250    0.38689 7.355e-01   0.00476 8.488e-06    1.12720     1.566    0.735469   4204
    3275    0.34836 7.339e-01   0.00364 4.483e-06    1.08585     2.189    0.733782   4236
    3300    0.40594 7.322e-01   0.00441 4.399e-06    1.14252     3.802    0.732100   4267
    3325    0.44636 7.305e-01   0.00440 6.354e-06    1.18125     2.449    0.730423   4300
    3350    0.32580 7.288e-01   0.00362 3.995e-06    1.05823     2.473    0.728750   4332
    3375    0.41292 7.271e-01   0.00400 3.688e-06    1.14407     2.493    0.727080   4364
    3400    0.38153 7.255e-01   0.00408 3.611e-06    1.11110     3.030    0.725415   4396
    3425    0.31850 7.238e-01   0.00264 3.865e-06    1.04496     2.072    0.723755   4428
    3450    0.35916 7.222e-01   0.00348 3.560e-06    1.08480     4.535    0.722098   4460
    3475    0.30035 7.205e-01   0.00358 3.565e-06    1.02444     4.332    0.720445   4492
    3500    0.32748 7.189e-01   0.00435 3.381e-06    1.05070     2.073    0.718797   4523
    3525    0.34781 7.172e-01   0.00302 4.207e-06    1.06805     3.274    0.717153   4556
    3550    0.30119 7.156e-01   0.00287 4.020e-06    1.01964     1.996    0.715513   4587
    3575    0.36861 7.139e-01   0.00341 3.271e-06    1.08596     3.239    0.713876   4620
    3600    0.29245 7.123e-01   0.00271 3.221e-06    1.00747     1.295    0.712244   4651
    3625    0.36311 7.107e-01   0.00369 3.079e-06    1.07749     2.308    0.710616   4683
    3650    0.31942 7.091e-01   0.00347 4.378e-06    1.03195     1.558    0.708992   4715
    3675    0.42368 7.074e-01   0.00300 3.371e-06    1.13413     1.336    0.707372   4747
    3700    0.36871 7.058e-01   0.00391 2.964e-06    1.07844     2.663    0.705756   4779
    3725    0.30303 7.042e-01   0.00361 4.209e-06    1.01085     1.788    0.704144   4811
    3750    0.31131 7.026e-01   0.00264 2.632e-06    1.01655     3.407    0.702536   4844
    3775    0.31108 7.010e-01   0.00316 2.812e-06    1.01524     3.422    0.700932   4876
    3800    0.28979 6.994e-01   0.00308 2.816e-06    0.99226     3.261    0.699332   4908
    3825    0.25556 6.978e-01   0.00315 2.714e-06    0.95651     3.060    0.697736   4940
    3850    0.28433 6.962e-01   0.00337 2.597e-06    0.98391     2.609    0.696143   4972
    3875    0.29086 6.946e-01   0.00268 2.548e-06    0.98816     2.408    0.694555   5004
    3900    0.33330 6.930e-01   0.00364 2.349e-06    1.02997     2.674    0.692970   5036
    3925    0.29486 6.915e-01   0.00282 2.360e-06    0.98913     6.129    0.691389   5068
    3950    0.26982 6.899e-01   0.00248 2.379e-06    0.96217     4.398    0.689812   5100
    3975    0.29232 6.883e-01   0.00228 2.405e-06    0.98290     5.212    0.688240   5132
    4000    0.30041 6.867e-01   0.00334 2.360e-06    0.99048     1.701    0.686670   5165
    4025    0.25689 6.852e-01   0.00259 2.473e-06    0.94465     2.054    0.685105   5197
    4050    0.26176 6.836e-01   0.00191 2.126e-06    0.94727     1.756    0.683543   5228
    4075    0.30316 6.820e-01   0.00262 2.315e-06    0.98783     5.717    0.681985   5260
    4100    0.31212 6.805e-01   0.00192 2.091e-06    0.99454     1.918    0.680431   5292
    4125    0.28255 6.789e-01   0.00230 2.126e-06    0.96380     1.519    0.678881   5324
    4150    0.28273 6.774e-01   0.00257 2.083e-06    0.96270     1.787    0.677334   5356
    4175    0.26825 6.759e-01   0.00233 2.091e-06    0.94643     2.602    0.675791   5389
    4200    0.29204 6.743e-01   0.00181 2.972e-06    0.96816     2.724    0.674252   5420
    4225    0.29972 6.728e-01   0.00210 1.915e-06    0.97460     2.750    0.672717   5452
    4250    0.26926 6.712e-01   0.00191 1.898e-06    0.94241     1.489    0.671185   5484
    4275    0.27629 6.697e-01   0.00256 1.854e-06    0.94856     4.308    0.669657   5517
    4300    0.29560 6.682e-01   0.00200 1.882e-06    0.96580     2.926    0.668133   5549
    4325    0.27460 6.667e-01   0.00207 1.834e-06    0.94335     2.797    0.666612   5581
    4350    0.24624 6.652e-01   0.00191 1.886e-06    0.91331     3.611    0.665095   5613
    4375    0.26523 6.636e-01   0.00193 1.955e-06    0.93080     1.927    0.663581   5645
    4400    0.29675 6.621e-01   0.00228 1.962e-06    0.96116     1.240    0.662071   5676
    4425    0.22271 6.606e-01   0.00207 1.731e-06    0.88541     2.125    0.660565   5708
    4450    0.30174 6.591e-01   0.00197 1.767e-06    0.96284     3.407    0.659062   5740
    4475    0.26483 6.576e-01   0.00203 1.813e-06    0.92449     3.747    0.657563   5773
    4500    0.28325 6.561e-01   0.00190 2.102e-06    0.94128     1.584    0.656068   5805
    4525    0.29713 6.546e-01   0.00163 2.649e-06    0.95340     2.636    0.654576   5837
    4550    0.21488 6.531e-01   0.00143 1.738e-06    0.86946     3.211    0.653087   5869
    4575    0.23580 6.517e-01   0.00164 1.684e-06    0.88910     3.786    0.651602   5901
    4600    0.28315 6.502e-01   0.00240 4.412e-06    0.93574     4.099    0.650121   5933
    4625    0.26742 6.487e-01   0.00219 1.704e-06    0.91832     2.186    0.648643   5966
    4650    0.26364 6.472e-01   0.00160 1.583e-06    0.91246     0.968    0.647169   5998
    4675    0.26664 6.458e-01   0.00158 2.709e-06    0.91398     1.624    0.645698   6029
    4700    0.23312 6.443e-01   0.00193 1.632e-06    0.87934     1.742    0.644230   6061
    4725    0.25426 6.428e-01   0.00175 1.639e-06    0.89884     1.168    0.642766   6094
    4750    0.21623 6.414e-01   0.00146 1.593e-06    0.85906     1.096    0.641306   6126
    4775    0.27788 6.399e-01   0.00165 2.585e-06    0.91944     1.945    0.639849   6158
    4800    0.22923 6.385e-01   0.00147 1.568e-06    0.86916     1.648    0.638395   6190
    4825    0.23760 6.370e-01   0.00266 1.664e-06    0.87726     1.747    0.636945   6223
    4850    0.23972 6.356e-01   0.00189 1.637e-06    0.87717     3.129    0.635499   6255
    4875    0.24647 6.341e-01   0.00167 1.532e-06    0.88225     3.343    0.634055   6287
    4900    0.24031 6.327e-01   0.00217 1.451e-06    0.87515     1.980    0.632615   6319
    4925    0.21534 6.312e-01   0.00189 1.632e-06    0.84847     4.763    0.631179   6351
    4950    0.22453 6.298e-01   0.00173 1.652e-06    0.85606     2.637    0.629745   6384
    4975    0.23076 6.284e-01   0.00134 1.769e-06    0.86047     1.524    0.628316   6416
    [checkpoint 5000]  e@8 0.4282  e@368 3.6241  nRMSE@8 0.3593  nRMSE@368 4.1114
    5000    0.21267 6.269e-01   0.00170 2.254e-06    0.84132     1.713    0.626889   6453
    5025    0.23728 6.255e-01   0.00131 1.486e-06    0.86411     2.087    0.625466   6485
    5050    0.24877 6.241e-01   0.00188 1.970e-06    0.87476     1.492    0.624046   6517
    5075    0.21605 6.227e-01   0.00126 1.460e-06    0.84000     1.736    0.622630   6549
    5100    0.22415 6.213e-01   0.00210 1.464e-06    0.84753     2.091    0.621216   6581
    5125    0.22660 6.199e-01   0.00109 1.431e-06    0.84755     1.471    0.619806   6613
    5150    0.24459 6.185e-01   0.00183 1.491e-06    0.86488     1.459    0.618400   6645
    5175    0.24097 6.171e-01   0.00153 1.401e-06    0.85955     1.299    0.616997   6679
    5200    0.24519 6.157e-01   0.00155 1.361e-06    0.86240     2.965    0.615597   6711
    5225    0.22115 6.143e-01   0.00128 1.465e-06    0.83669     1.912    0.614200   6743
    5250    0.21897 6.129e-01   0.00132 1.690e-06    0.83315     1.892    0.612806   6775
    5275    0.20604 6.115e-01   0.00114 1.498e-06    0.81865     1.765    0.611416   6808
    5300    0.25497 6.101e-01   0.00155 1.476e-06    0.86660     1.220    0.610029   6840
    5325    0.25661 6.087e-01   0.00155 1.389e-06    0.86686     1.794    0.608645   6872
    5350    0.20914 6.073e-01   0.00159 1.409e-06    0.81805     4.055    0.607265   6904
    5375    0.23179 6.059e-01   0.00187 1.323e-06    0.83961     2.208    0.605887   6936
    5400    0.26027 6.046e-01   0.00154 1.371e-06    0.86639     1.550    0.604513   6969
    5425    0.22110 6.032e-01   0.00158 3.021e-06    0.82589     1.983    0.603142   7001
    5450    0.23140 6.018e-01   0.00164 1.427e-06    0.83487     2.831    0.601774   7033
    5475    0.18171 6.005e-01   0.00133 1.397e-06    0.78350     1.823    0.600409   7066
    5500    0.21117 5.991e-01   0.00144 1.319e-06    0.81171     2.170    0.599048   7099
    5525    0.21716 5.977e-01   0.00137 2.124e-06    0.81627     2.343    0.597690   7130
    5550    0.23981 5.964e-01   0.00146 2.266e-06    0.83766     1.769    0.596335   7163
    5575    0.20627 5.950e-01   0.00110 1.399e-06    0.80240     4.648    0.594983   7195
    5600    0.20020 5.937e-01   0.00146 2.354e-06    0.79536     2.559    0.593634   7227
    5625    0.25084 5.923e-01   0.00126 1.290e-06    0.84445     3.464    0.592289   7259
    5650    0.23048 5.910e-01   0.00121 1.309e-06    0.82268     2.311    0.590946   7291
    5675    0.21074 5.897e-01   0.00144 2.286e-06    0.80184     2.283    0.589606   7323
    5700    0.21716 5.883e-01   0.00185 1.382e-06    0.80733     1.463    0.588270   7355
    5725    0.20150 5.870e-01   0.00153 1.290e-06    0.79002     1.807    0.586936   7387
    5750    0.19113 5.857e-01   0.00141 1.307e-06    0.77819     1.255    0.585606   7419
    5775    0.22260 5.843e-01   0.00152 1.996e-06    0.80845     4.003    0.584278   7452
    5800    0.20486 5.830e-01   0.00118 1.259e-06    0.78905     3.292    0.582954   7483
    5825    0.23061 5.817e-01   0.00145 1.319e-06    0.81374     3.587    0.581632   7516
    5850    0.21884 5.804e-01   0.00088 2.244e-06    0.80009     2.486    0.580315   7549
    5875    0.17208 5.791e-01   0.00085 1.223e-06    0.75198     1.399    0.579000   7581
    5900    0.18975 5.777e-01   0.00085 1.246e-06    0.76834     2.836    0.577688   7614
    5925    0.19120 5.764e-01   0.00107 1.360e-06    0.76870     3.171    0.576380   7646
    5950    0.21202 5.751e-01   0.00112 1.278e-06    0.78826     3.497    0.575074   7679
    5975    0.19843 5.738e-01   0.00211 1.379e-06    0.77436     1.756    0.573771   7712
    6000    0.19154 5.725e-01   0.00118 1.312e-06    0.76525     2.891    0.572471   7745
    6025    0.18593 5.712e-01   0.00114 1.305e-06    0.75830     3.953    0.571175   7778
    6050    0.20405 5.699e-01   0.00088 1.199e-06    0.77487     0.930    0.569881   7810
    6075    0.19710 5.686e-01   0.00114 1.519e-06    0.76688     3.255    0.568590   7843
    6100    0.18793 5.674e-01   0.00117 1.290e-06    0.75645     1.671    0.567302   7876
    6125    0.21261 5.661e-01   0.00118 1.146e-06    0.77986     2.683    0.566016   7908
    6150    0.20032 5.648e-01   0.00096 1.185e-06    0.76607     2.671    0.564734   7941
    6175    0.19122 5.635e-01   0.00115 1.224e-06    0.75587     3.457    0.563455   7973
    6200    0.21002 5.622e-01   0.00124 1.179e-06    0.77348     1.781    0.562178   8006
    6225    0.20970 5.610e-01   0.00143 1.188e-06    0.77209     3.226    0.560905   8038
    6250    0.20221 5.597e-01   0.00096 4.221e-06    0.76286     2.159    0.559634   8071
    6275    0.18956 5.584e-01   0.00124 1.157e-06    0.74922     2.281    0.558366   8103
    6300    0.20820 5.572e-01   0.00177 1.235e-06    0.76712     3.211    0.557101   8136
    6325    0.20949 5.559e-01   0.00139 1.101e-06    0.76678     2.313    0.555840   8168
    6350    0.17822 5.546e-01   0.00087 2.409e-06    0.73372     1.909    0.554582   8201
    6375    0.23343 5.534e-01   0.00082 2.915e-06    0.78763     2.984    0.553326   8234
    6400    0.18479 5.521e-01   0.00058 1.103e-06    0.73750     2.613    0.552073   8267
    6425    0.19210 5.509e-01   0.00089 1.180e-06    0.74386     1.433    0.550824   8300
    6450    0.17264 5.496e-01   0.00105 1.196e-06    0.72332     1.557    0.549577   8332
    6475    0.17286 5.484e-01   0.00081 1.971e-06    0.72205     2.325    0.548332   8364
    6500    0.18044 5.471e-01   0.00135 1.154e-06    0.72893     3.388    0.547091   8397
    6525    0.20632 5.459e-01   0.00099 3.561e-06    0.75321     5.303    0.545852   8430
    6550    0.16178 5.447e-01   0.00097 1.156e-06    0.70742     1.395    0.544617   8462
    6575    0.16540 5.434e-01   0.00131 1.205e-06    0.71014     1.239    0.543384   8495
    6600    0.18425 5.422e-01   0.00079 2.571e-06    0.72725     1.700    0.542154   8528
    6625    0.20607 5.410e-01   0.00095 1.110e-06    0.74800     1.454    0.540926   8560
    6650    0.18863 5.398e-01   0.00094 1.134e-06    0.72933     1.044    0.539702   8593
    6675    0.18896 5.385e-01   0.00083 1.135e-06    0.72832     3.423    0.538480   8626
    6700    0.18702 5.373e-01   0.00089 1.065e-06    0.72522     3.917    0.537261   8658
    6725    0.17638 5.361e-01   0.00088 1.176e-06    0.71336     2.315    0.536044   8699
    6750    0.18054 5.349e-01   0.00089 1.035e-06    0.71631     1.509    0.534831   8742
    6775    0.19790 5.337e-01   0.00087 1.163e-06    0.73244     2.002    0.533620   8776
    6800    0.16254 5.325e-01   0.00102 1.153e-06    0.69602     1.722    0.532412   8811
    6825    0.18007 5.313e-01   0.00088 3.416e-06    0.71221     2.082    0.531207   8844
    6850    0.17692 5.301e-01   0.00129 2.021e-06    0.70827     1.386    0.530004   8876
    6875    0.17530 5.289e-01   0.00098 1.096e-06    0.70513     1.065    0.528804   8909
    6900    0.18784 5.277e-01   0.00124 1.073e-06    0.71674     2.022    0.527607   8942
    6925    0.19275 5.265e-01   0.00085 1.279e-06    0.72006     3.341    0.526413   8975
    6950    0.15261 5.253e-01   0.00078 1.069e-06    0.67866     4.923    0.525221   9008
    6975    0.19451 5.241e-01   0.00080 1.038e-06    0.71939     2.543    0.524032   9040
    7000    0.18645 5.229e-01   0.00082 1.035e-06    0.71017     2.462    0.522845   9074
    7025    0.16276 5.217e-01   0.00092 1.119e-06    0.68539     2.649    0.521662   9107
    7050    0.15926 5.205e-01   0.00054 1.097e-06    0.68033     1.666    0.520481   9139
    7075    0.16912 5.193e-01   0.00081 2.360e-06    0.68929     1.602    0.519302   9172
    7100    0.17139 5.182e-01   0.00075 2.147e-06    0.69032     2.117    0.518127   9205
    7125    0.19060 5.170e-01   0.00081 1.080e-06    0.70842     3.411    0.516955   9238
    7150    0.16959 5.158e-01   0.00082 1.730e-06    0.68624     2.062    0.515785   9271
    7175    0.19247 5.147e-01   0.00098 1.088e-06    0.70812     1.342    0.514619   9304
    7200    0.17365 5.135e-01   0.00085 2.188e-06    0.68801     2.784    0.513454   9337
    7225    0.17404 5.123e-01   0.00080 1.100e-06    0.68718     1.188    0.512293   9370
    7250    0.15628 5.112e-01   0.00071 1.035e-06    0.66817     1.279    0.511134   9403
    7275    0.14494 5.100e-01   0.00065 1.070e-06    0.65561     1.603    0.509977   9436
    7300    0.16854 5.089e-01   0.00132 2.762e-06    0.67873     1.966    0.508823   9469
    7325    0.20399 5.077e-01   0.00128 2.317e-06    0.71298     4.378    0.507672   9502
    7350    0.16010 5.066e-01   0.00094 1.640e-06    0.66761     1.775    0.506524   9535
    7375    0.14963 5.054e-01   0.00086 1.372e-06    0.65591     2.493    0.505378   9568
    7400    0.16657 5.043e-01   0.00094 9.909e-07    0.67180     1.588    0.504234   9602
    7425    0.18992 5.031e-01   0.00138 1.009e-06    0.69444     1.662    0.503094   9635
    7450    0.16708 5.020e-01   0.00293 1.029e-06    0.67201     2.735    0.501955   9669
    7475    0.15139 5.009e-01   0.00088 3.503e-06    0.65313     2.339    0.500820   9702
    [checkpoint 7500]  e@8 0.4627  e@368 2.3000  nRMSE@8 0.3748  nRMSE@368 2.0742
    7500    0.17373 4.997e-01   0.00093 1.082e-06    0.67439     2.400    0.499687   9740
    7525    0.18444 4.986e-01   0.00058 1.352e-06    0.68362     3.717    0.498556   9772
    7550    0.14710 4.975e-01   0.00059 9.788e-07    0.64517     1.313    0.497428   9806
    7575    0.15684 4.963e-01   0.00072 1.031e-06    0.65391     1.422    0.496303   9839
    7600    0.14901 4.952e-01   0.00074 9.977e-07    0.64498     1.713    0.495180   9872
    7625    0.15201 4.941e-01   0.00063 9.867e-07    0.64675     1.947    0.494060   9905
    7650    0.14037 4.930e-01   0.00067 1.020e-06    0.63403     1.013    0.492942   9937
    7675    0.16194 4.919e-01   0.00063 1.826e-06    0.65444     2.759    0.491827   9971
    7700    0.15878 4.908e-01   0.00113 9.328e-07    0.65067     1.568    0.490714  10004
    7725    0.16938 4.896e-01   0.00114 1.798e-06    0.66017     1.407    0.489604  10037
    7750    0.13590 4.885e-01   0.00065 9.863e-07    0.62510     0.989    0.488496  10070
    7775    0.16000 4.874e-01   0.00079 9.619e-07    0.64823     2.403    0.487391  10103
    7800    0.15028 4.863e-01   0.00074 9.383e-07    0.63736     1.822    0.486288  10137
    7825    0.15490 4.852e-01   0.00043 1.022e-06    0.64057     3.275    0.485188  10171
    7850    0.17163 4.841e-01   0.00068 9.215e-07    0.65644     1.176    0.484090  10204
    7875    0.16103 4.830e-01   0.00076 9.867e-07    0.64483     1.634    0.482995  10238
    7900    0.17620 4.819e-01   0.00071 9.498e-07    0.65885     2.069    0.481902  10271
    7925    0.15745 4.809e-01   0.00063 9.340e-07    0.63894     2.662    0.480812  10305
    7950    0.16354 4.798e-01   0.00075 9.320e-07    0.64406     1.769    0.479724  10338
    7975    0.15399 4.787e-01   0.00053 9.640e-07    0.63320     1.691    0.478639  10371
    8000    0.15653 4.776e-01   0.00153 9.534e-07    0.63566     1.031    0.477556  10404
    8025    0.14398 4.765e-01   0.00154 1.023e-06    0.62204     1.965    0.476476  10438
    8050    0.15040 4.754e-01   0.00123 9.612e-07    0.62708     1.820    0.475398  10472
    8075    0.17679 4.744e-01   0.00068 9.570e-07    0.65183     2.245    0.474322  10504
    8100    0.16385 4.733e-01   0.00093 1.430e-06    0.63807     2.272    0.473249  10538
    8125    0.15981 4.722e-01   0.00050 1.878e-06    0.63253     1.696    0.472178  10571
    8150    0.13547 4.712e-01   0.00041 9.221e-07    0.60703     3.236    0.471110  10605
    8175    0.15609 4.701e-01   0.00081 1.856e-06    0.62698     1.542    0.470044  10638
    8200    0.14823 4.690e-01   0.00081 2.382e-06    0.61807     1.811    0.468981  10671
    8225    0.14987 4.680e-01   0.00081 9.253e-07    0.61864     2.061    0.467920  10704
    8250    0.14680 4.669e-01   0.00062 8.909e-07    0.61432     1.757    0.466861  10738
    8275    0.14859 4.658e-01   0.00055 9.862e-07    0.61499     1.487    0.465805  10772
    8300    0.15054 4.648e-01   0.00073 9.268e-07    0.61607     1.531    0.464751  10805
    8325    0.15331 4.637e-01   0.00059 9.597e-07    0.61765     2.630    0.463700  10839
    8350    0.13457 4.627e-01   0.00062 9.363e-07    0.59788     3.329    0.462651  10872
    8375    0.16052 4.616e-01   0.00061 1.961e-06    0.62278     2.857    0.461604  10905
    8400    0.15827 4.606e-01   0.00069 9.029e-07    0.61957     2.144    0.460560  10939
    8425    0.15891 4.596e-01   0.00056 9.255e-07    0.61903     2.111    0.459518  10972
    8450    0.14583 4.585e-01   0.00052 8.902e-07    0.60487     3.093    0.458478  11005
    8475    0.14239 4.575e-01   0.00050 8.934e-07    0.60038     2.013    0.457441  11038
    8500    0.15155 4.564e-01   0.00092 9.097e-07    0.60891     3.087    0.456406  11071
    8525    0.12896 4.554e-01   0.00093 9.553e-07    0.58531     1.651    0.455373  11104
    8550    0.14439 4.544e-01   0.00060 9.161e-07    0.59938     2.655    0.454343  11138
    8575    0.14136 4.534e-01   0.00041 9.604e-07    0.59512     2.830    0.453315  11172
    8600    0.14705 4.523e-01   0.00052 1.014e-06    0.59989     1.746    0.452289  11205
    8625    0.14920 4.513e-01   0.00070 1.474e-06    0.60121     2.185    0.451266  11238
    8650    0.12742 4.503e-01   0.00049 2.144e-06    0.57819     1.609    0.450245  11271
    8675    0.14147 4.493e-01   0.00067 8.630e-07    0.59140     2.724    0.449227  11305
    8700    0.13857 4.483e-01   0.00041 8.967e-07    0.58724     2.372    0.448210  11338
    8725    0.14836 4.472e-01   0.00093 8.889e-07    0.59652     1.681    0.447196  11371
    8750    0.13782 4.462e-01   0.00062 1.269e-06    0.58466     2.510    0.446184  11405
    8775    0.15281 4.452e-01   0.00055 9.443e-07    0.59857     2.390    0.445175  11439
    8800    0.16440 4.442e-01   0.00054 9.098e-07    0.60915     1.717    0.444168  11472
    8825    0.14971 4.432e-01   0.00041 1.231e-06    0.59332     1.956    0.443163  11505
    8850    0.14537 4.422e-01   0.00052 8.529e-07    0.58809     2.741    0.442160  11538
    8875    0.12544 4.412e-01   0.00045 3.005e-06    0.56709     2.114    0.441160  11572
    8900    0.14749 4.402e-01   0.00056 7.831e-07    0.58825     1.996    0.440162  11606
    8925    0.12386 4.392e-01   0.00031 9.041e-07    0.56338     2.482    0.439166  11639
    8950    0.15433 4.382e-01   0.00078 8.224e-07    0.59332     3.866    0.438172  11672
    8975    0.13260 4.372e-01   0.00316 7.810e-07    0.57297     2.587    0.437181  11705
    9000    0.12986 4.362e-01   0.00121 8.609e-07    0.56730     1.675    0.436192  11739
    9025    0.13350 4.352e-01   0.00053 2.277e-06    0.56927     1.793    0.435205  11772
    9050    0.13690 4.343e-01   0.00097 8.354e-07    0.57213     1.628    0.434221  11805
    9075    0.14997 4.333e-01   0.00060 1.839e-06    0.58385     1.190    0.433238  11838
    9100    0.14561 4.323e-01   0.00084 1.019e-06    0.57876     2.251    0.432258  11871
    9125    0.16036 4.313e-01   0.00059 1.775e-06    0.59227     4.683    0.431280  11905
    9150    0.15246 4.303e-01   0.00072 8.146e-07    0.58352     2.006    0.430305  11938
    9175    0.15100 4.294e-01   0.00037 9.241e-07    0.58074     3.811    0.429332  11971
    9200    0.14660 4.284e-01   0.00052 9.552e-07    0.57552     1.389    0.428362  12004
    9225    0.14081 4.274e-01   0.00069 8.991e-07    0.56894     1.694    0.427393  12037
    9250    0.11896 4.265e-01   0.00046 8.681e-07    0.54588     1.260    0.426427  12071
    9275    0.11546 4.255e-01   0.00094 1.766e-06    0.54190     1.277    0.425463  12103
    9300    0.13537 4.245e-01   0.00055 8.801e-07    0.56046     2.880    0.424501  12136
    9325    0.14715 4.236e-01   0.00048 8.320e-07    0.57121     1.988    0.423541  12168
    9350    0.12070 4.226e-01   0.00052 1.119e-06    0.54384     1.608    0.422583  12201
    9375    0.12240 4.217e-01   0.00067 1.489e-06    0.54473     1.806    0.421628  12234
    9400    0.13225 4.207e-01   0.00139 2.767e-06    0.55435     1.222    0.420675  12267
    9425    0.11948 4.198e-01   0.00030 8.125e-07    0.53954     1.406    0.419724  12300
    9450    0.12702 4.188e-01   0.00086 8.511e-07    0.54670     1.248    0.418775  12333
    9475    0.11503 4.179e-01   0.00034 8.395e-07    0.53323     1.754    0.417828  12366
    9500    0.11833 4.169e-01   0.00099 3.232e-06    0.53625     1.843    0.416883  12410
    9525    0.11157 4.160e-01   0.00038 1.887e-06    0.52793     1.825    0.415941  12451
    9550    0.11949 4.150e-01   0.00038 8.365e-07    0.53491     1.507    0.415000  12492
    9575    0.12095 4.141e-01   0.00031 1.083e-06    0.53536     1.753    0.414062  12534
    9600    0.12291 4.132e-01   0.00060 8.101e-07    0.53668     2.606    0.413126  12576
    9625    0.11615 4.122e-01   0.00037 8.557e-07    0.52875     2.145    0.412192  12617
    9650    0.13579 4.113e-01   0.00049 7.617e-07    0.54758     2.849    0.411260  12658
    9675    0.13351 4.104e-01   0.00028 7.534e-07    0.54416     2.655    0.410330  12699
    9700    0.12823 4.094e-01   0.00047 8.264e-07    0.53814     1.787    0.409402  12740
    9725    0.12121 4.085e-01   0.00047 8.243e-07    0.53020     2.348    0.408477  12782
    9750    0.13942 4.076e-01   0.00034 7.379e-07    0.54735     3.479    0.407553  12823
    9775    0.12057 4.067e-01   0.00038 1.339e-06    0.52762     2.393    0.406632  12864
    9800    0.10696 4.057e-01   0.00041 1.958e-06    0.51312     1.547    0.405712  12906
    9825    0.12222 4.048e-01   0.00030 8.583e-07    0.52735     3.846    0.404795  12948
    9850    0.12023 4.039e-01   0.00044 8.084e-07    0.52459     1.716    0.403880  12990
    9875    0.11495 4.030e-01   0.00068 8.967e-07    0.51864     1.993    0.402967  13032
    9900    0.12428 4.021e-01   0.00038 8.247e-07    0.52676     1.497    0.402056  13067
    9925    0.11731 4.012e-01   0.00051 7.808e-07    0.51900     1.907    0.401147  13103
    9950    0.11702 4.003e-01   0.00038 1.150e-06    0.51768     1.650    0.400240  13138
    9975    0.12326 3.994e-01   0.00070 7.457e-07    0.52333     3.437    0.399335  13174
    9999    0.11637 3.985e-01   0.01143 8.455e-07    0.52630     2.079    0.398468  13208
    [checkpoint 10000]  e@8 0.4847  e@368 2.4824  nRMSE@8 0.3751  nRMSE@368 2.1664

----------------------------------------------------------------------------------
  wall clock 3.67 h (1.321 s/iter)
  final: state 1.1637e-01  bound 3.9850e-01  contact 1.1429e-02  termination 8.4552e-07
  grad norm: mean 2.372  median 2.107  p99 5.844  max 9.349
  spikes (>5x trailing 50-median): 0
  collapse fit: d(log_delta)/d(iter) = -9.1536e-05 +- 3.65e-08   (lr 0.0001, rate/lr 0.92)
    exp(log_delta): 0.999900 -> 0.398468
    iterations implied to reach the checkpoint's -14.4629: 158,003
  state-loss slope over the final 250 iterations: -1.615e-05 per iter  (still falling)

  wrote results/step5_armB_seed1_10k.json
  weights in runs/armB_seed1_10k (gitignored)
