==================================================================================
STEP 5 MAIN RUN -- armA_seed2_dup
==================================================================================
  arm A: state branch feeds back its own SAMPLE (autoregressive, faithful)
  auxiliary branch: teacher-forced in BOTH arms (system_dynamics.py:264)
  ensemble 1, batch 256, lr 0.0001, weight_decay 1e-05, 2500 iterations
  action alignment: causal, offset=1 (X-05)
  gradient clipping: NONE -- the reference has none in this path (5.7a)
  CONTROL ARM: 7687 clean + 195 DUPLICATED clean = 7882 windows (count matches the contamination arm, no splices)
    duplication seed 10002, first 5 duplicated starts [43, 60, 81, 86, 138]

    iter      state     bound   contact    termin      total    |grad| exp(logdel)      s
       0   49.24641 1.000e+00   0.68657 6.868e-01   51.61973    51.191    0.999900      1
      25   33.30501 9.975e-01   0.58467 2.482e-01   35.13544    24.768    0.997424     25
      50   29.27341 9.951e-01   0.39494 1.016e-02   30.67356    21.921    0.994954     50
      75   21.25517 9.926e-01   0.35458 3.452e-03   22.60580    15.341    0.992500     76
     100   17.00653 9.902e-01   0.33117 2.483e-03   18.33035    13.744    0.990058    101
     125   13.25394 9.877e-01   0.27818 2.322e-03   14.52218    12.748    0.987637    126
     150   13.98251 9.854e-01   0.19415 2.706e-03   15.16472    16.357    0.985257    151
     175   11.89217 9.831e-01   0.12322 2.515e-03   13.00096    15.288    0.982961    175
     200   10.62301 9.808e-01   0.08365 2.016e-03   11.68951    16.093    0.980752    200
     225   10.61710 9.787e-01   0.07584 1.464e-03   11.67306    11.254    0.978571    224
     250    9.98040 9.765e-01   0.06791 1.007e-03   11.02579    13.584    0.976385    249
     275    9.56370 9.743e-01   0.07002 7.519e-04   10.60874    15.001    0.974189    274
     300    8.76862 9.721e-01   0.05606 5.998e-04    9.79736    12.102    0.971982    299
     325    8.27946 9.699e-01   0.05973 4.766e-04    9.30952    14.831    0.969767    323
     350    7.41614 9.676e-01   0.05972 3.858e-04    8.44388    11.088    0.967546    348
     375    6.87093 9.654e-01   0.05133 3.290e-04    7.88800    10.964    0.965321    373
     400    7.65595 9.632e-01   0.06112 2.915e-04    8.68054    15.388    0.963092    397
     425    5.87277 9.610e-01   0.05272 2.556e-04    6.88670    11.678    0.960862    422
     450    6.65382 9.587e-01   0.05434 2.265e-04    7.66710    11.445    0.958632    447
     475    6.25039 9.565e-01   0.05217 1.964e-04    7.25924    13.166    0.956401    471
    [checkpoint 500]  e@8 0.4167  e@368 2.5663  nRMSE@8 0.3883  nRMSE@368 4.8713
     500    6.21223 9.543e-01   0.05186 1.704e-04    7.21852    10.802    0.954171    500
     525    6.25555 9.520e-01   0.05175 1.460e-04    7.25948    10.928    0.951942    525
     550    5.12326 9.498e-01   0.04637 1.286e-04    6.11956    14.857    0.949715    549
     575    4.85488 9.476e-01   0.03767 1.142e-04    5.84024    11.986    0.947491    574
     600    4.99524 9.454e-01   0.04449 9.971e-05    5.98519    12.253    0.945270    598
     625    4.90530 9.431e-01   0.03850 8.846e-05    5.88704    11.341    0.943051    623
     650    4.53083 9.409e-01   0.03844 7.796e-05    5.51028    11.382    0.940836    647
     675    4.51989 9.387e-01   0.03664 6.864e-05    5.49532    10.418    0.938625    672
     700    4.49772 9.365e-01   0.03644 6.038e-05    5.47072    12.387    0.936417    697
     725    4.44591 9.343e-01   0.03208 5.444e-05    5.41235    11.090    0.934214    721
     750    3.96117 9.321e-01   0.03278 4.943e-05    4.92611    10.478    0.932015    746
     775    3.88471 9.299e-01   0.02899 4.557e-05    4.84365    10.021    0.929821    771
     800    3.67015 9.277e-01   0.03261 4.206e-05    4.63052    11.292    0.927631    795
     825    3.77060 9.255e-01   0.02910 3.931e-05    4.72528    10.192    0.925446    820
     850    4.13206 9.234e-01   0.03002 3.594e-05    5.08547    11.830    0.923266    844
     875    4.18488 9.212e-01   0.03309 3.426e-05    5.13918    10.270    0.921091    869
     900    3.77224 9.190e-01   0.02930 3.166e-05    4.72058    11.059    0.918921    894
     925    4.03596 9.168e-01   0.03089 3.164e-05    4.98372    11.313    0.916756    918
     950    3.24603 9.147e-01   0.02670 2.996e-05    4.18744     8.410    0.914596    943
     975    3.52307 9.125e-01   0.02621 2.948e-05    4.46184    14.197    0.912442    967
    1000    3.35621 9.104e-01   0.02522 2.799e-05    4.29183    10.718    0.910293    992
    1025    3.36655 9.082e-01   0.02460 2.678e-05    4.29942    10.695    0.908149   1017
    1050    3.05766 9.061e-01   0.02395 2.595e-05    3.98773    11.293    0.906011   1041
    1075    2.87801 9.040e-01   0.02433 2.370e-05    3.80632    10.263    0.903878   1066
    1100    3.37192 9.018e-01   0.02297 2.338e-05    4.29675    12.622    0.901750   1091
    1125    2.96007 8.997e-01   0.02228 2.130e-05    3.88209     9.841    0.899629   1115
    1150    3.04662 8.976e-01   0.02322 2.026e-05    3.96746     9.510    0.897512   1140
    1175    3.18142 8.955e-01   0.02392 2.132e-05    4.10085    10.713    0.895402   1164
    1200    3.33043 8.934e-01   0.01976 2.044e-05    4.24359    10.786    0.893296   1189
    1225    2.86799 8.913e-01   0.01852 1.837e-05    3.77781    11.631    0.891197   1214
    1250    2.63892 8.892e-01   0.01851 1.883e-05    3.54664    10.319    0.889102   1238
    1275    2.91275 8.871e-01   0.02186 1.834e-05    3.82173     8.679    0.887014   1263
    1300    3.02255 8.850e-01   0.02038 1.755e-05    3.92796    10.919    0.884931   1287
    1325    2.69173 8.829e-01   0.01649 1.695e-05    3.59118    11.196    0.882854   1312
    1350    2.54793 8.809e-01   0.01541 1.536e-05    3.44422    13.287    0.880782   1336
    1375    2.61053 8.788e-01   0.01654 1.602e-05    3.50589    15.106    0.878716   1361
    1400    2.68479 8.767e-01   0.01912 1.623e-05    3.58066     8.318    0.876655   1385
    1425    2.61777 8.747e-01   0.01508 1.405e-05    3.50755     9.493    0.874600   1410
    1450    2.56344 8.726e-01   0.01671 1.444e-05    3.45279    14.932    0.872550   1434
    1475    2.18834 8.706e-01   0.01440 1.474e-05    3.07335     8.652    0.870507   1459
    1500    2.44588 8.685e-01   0.01596 1.501e-05    3.33040     8.919    0.868468   1484
    1525    2.24447 8.665e-01   0.01485 1.315e-05    3.12584     8.510    0.866435   1508
    1550    2.30435 8.645e-01   0.01528 1.127e-05    3.18413    11.000    0.864408   1533
    1575    2.24159 8.625e-01   0.01525 1.011e-05    3.11932     7.287    0.862386   1558
    1600    1.96416 8.605e-01   0.01345 1.115e-05    2.83807     8.800    0.860370   1583
    1625    2.22552 8.584e-01   0.01451 1.126e-05    3.09848     8.991    0.858359   1608
    1650    2.47731 8.564e-01   0.01761 1.133e-05    3.35137     9.315    0.856354   1632
    1675    2.01680 8.544e-01   0.01298 1.066e-05    2.88422     9.262    0.854354   1657
    1700    1.86006 8.524e-01   0.01294 1.015e-05    2.72545     8.225    0.852359   1681
    1725    2.00179 8.505e-01   0.01121 8.393e-06    2.86346    14.212    0.850370   1706
    1750    2.14199 8.485e-01   0.01206 1.033e-05    3.00253     9.328    0.848386   1731
    1775    1.92565 8.465e-01   0.01148 8.308e-06    2.78363     8.954    0.846408   1755
    1800    2.43999 8.445e-01   0.01616 7.984e-06    3.30067     8.691    0.844435   1779
    1825    2.07387 8.425e-01   0.01173 9.338e-06    2.92816     7.945    0.842468   1804
    1850    2.03255 8.406e-01   0.01038 7.643e-06    2.88352    12.655    0.840505   1829
    1875    2.00982 8.386e-01   0.01507 7.717e-06    2.86353    12.500    0.838548   1853
    1900    1.67920 8.367e-01   0.00990 8.022e-06    2.52578    12.188    0.836597   1878
    1925    1.92315 8.347e-01   0.01211 7.308e-06    2.77000     8.687    0.834650   1902
    1950    1.74539 8.328e-01   0.01081 7.472e-06    2.58900    10.159    0.832709   1926
    1975    1.87914 8.309e-01   0.01116 7.304e-06    2.72116    11.119    0.830773   1951
    2000    1.79664 8.289e-01   0.01153 7.577e-06    2.63710     6.770    0.828843   1976
    2025    1.77873 8.270e-01   0.01058 7.771e-06    2.61631     8.408    0.826917   2000
    2050    2.08725 8.251e-01   0.01366 6.592e-06    2.92599    10.234    0.824997   2025
    2075    1.65682 8.232e-01   0.00887 6.346e-06    2.48885    13.479    0.823082   2050
    2100    1.70330 8.212e-01   0.00992 5.715e-06    2.53448    10.359    0.821172   2075
    2125    1.87640 8.193e-01   0.01178 6.897e-06    2.70753    14.161    0.819267   2099
    2150    1.74886 8.174e-01   0.00976 5.703e-06    2.57607     9.918    0.817367   2124
    2175    1.64905 8.155e-01   0.00753 5.756e-06    2.47213    12.903    0.815472   2148
    2200    1.46647 8.137e-01   0.00837 5.686e-06    2.28850     6.868    0.813582   2173
    2225    1.85671 8.118e-01   0.00962 6.120e-06    2.67811     8.953    0.811698   2198
    2250    1.84398 8.099e-01   0.01055 6.449e-06    2.66443    10.249    0.809818   2223
    2275    1.65881 8.080e-01   0.00922 5.575e-06    2.47606     8.280    0.807943   2247
    2300    1.25296 8.061e-01   0.00696 5.442e-06    2.06607     8.845    0.806073   2272
    2325    1.62240 8.043e-01   0.01032 5.319e-06    2.43701     9.464    0.804209   2296
    2350    1.65534 8.024e-01   0.00851 5.721e-06    2.46627     8.864    0.802349   2321
    2375    1.56328 8.006e-01   0.00810 5.540e-06    2.37196     6.911    0.800494   2345
    2400    1.56340 7.987e-01   0.00757 5.229e-06    2.36970     9.873    0.798644   2370
    2425    1.39405 7.969e-01   0.00685 5.581e-06    2.19778    10.329    0.796799   2395
    2450    1.40750 7.950e-01   0.00611 5.023e-06    2.20865     7.371    0.794958   2419
    2475    1.34459 7.932e-01   0.00736 5.227e-06    2.14515    10.553    0.793123   2444
    2499    1.71657 7.914e-01   0.00764 5.751e-06    2.51565    15.259    0.791365   2467
    [checkpoint 2500]  e@8 0.3336  e@368 0.8677  nRMSE@8 0.2826  nRMSE@368 1.0021

----------------------------------------------------------------------------------
  wall clock 0.69 h (0.988 s/iter)
  final: state 1.7166e+00  bound 7.9144e-01  contact 7.6394e-03  termination 5.7514e-06
  grad norm: mean 11.337  median 10.886  p99 23.667  max 51.191
  spikes (>5x trailing 50-median): 0
  collapse fit: d(log_delta)/d(iter) = -9.3638e-05 +- 2.62e-08   (lr 0.0001, rate/lr 0.94)
    exp(log_delta): 0.999900 -> 0.791365
    iterations implied to reach the checkpoint's -14.4629: 154,455
  state-loss slope over the final 250 iterations: -3.348e-04 per iter  (still falling)

  wrote results/step5_armA_seed2_dup.json
  weights in runs/armA_seed2_dup (gitignored)
