==================================================================================
STEP 5 MAIN RUN -- armB_seed2_10k
==================================================================================
  arm B: state branch feeds back the TRUE next state (teacher forcing)
  auxiliary branch: teacher-forced in BOTH arms (system_dynamics.py:264)
  ensemble 1, batch 256, lr 0.0001, weight_decay 1e-05, 10000 iterations
  action alignment: causal, offset=1 (X-05)
  gradient clipping: NONE -- the reference has none in this path (5.7a)
  7687 training windows from episodes [0, 2, 3, 4, 5, 6, 7, 9]

    iter      state     bound   contact    termin      total    |grad| exp(logdel)      s
       0    7.55875 1.000e+00   0.68700 6.876e-01    9.93336     2.184    0.999900      1
      25    7.37055 9.975e-01   0.58526 2.506e-01    9.20388     1.717    0.997404     27
      50    6.06761 9.950e-01   0.39995 1.032e-02    7.47290     1.148    0.994917     54
      75    6.20794 9.925e-01   0.35255 3.462e-03    7.55649     1.170    0.992440     81
     100    5.20391 9.901e-01   0.33074 2.544e-03    6.52727     1.161    0.989973    107
     125    4.65797 9.876e-01   0.27452 2.421e-03    5.92252     1.246    0.987519    134
     150    4.14404 9.852e-01   0.18573 2.665e-03    5.31762     1.488    0.985087    161
     175    3.36118 9.828e-01   0.11741 2.430e-03    4.46380     1.287    0.982690    188
     200    3.58053 9.804e-01   0.09225 1.975e-03    4.65517     1.804    0.980316    214
     225    2.99571 9.780e-01   0.06583 1.497e-03    4.04108     1.251    0.977948    241
     250    2.53552 9.757e-01   0.07195 1.066e-03    3.58421     1.108    0.975584    267
     275    2.68510 9.733e-01   0.06360 8.357e-04    3.72285     1.821    0.973223    294
     300    2.19891 9.710e-01   0.05629 6.869e-04    3.22685     2.243    0.970866    320
     325    2.63811 9.686e-01   0.07245 5.402e-04    3.67971     2.156    0.968514    347
     350    2.24849 9.663e-01   0.06401 4.457e-04    3.27921     1.184    0.966166    374
     375    1.80727 9.639e-01   0.05594 3.702e-04    2.82750     4.159    0.963824    400
     400    1.64257 9.616e-01   0.05305 3.078e-04    2.65751     2.348    0.961489    427
     425    2.02939 9.593e-01   0.05432 2.617e-04    3.04323     1.761    0.959159    454
     450    1.54992 9.569e-01   0.04443 2.326e-04    2.55151     3.048    0.956835    481
     475    1.66866 9.546e-01   0.04847 2.020e-04    2.67194     5.371    0.954518    507
    [checkpoint 500]  e@8 0.4518  e@368 4.9474  nRMSE@8 0.3857  nRMSE@368 7.6312
     500    1.51954 9.523e-01   0.05327 1.828e-04    2.52529     2.419    0.952207    539
     525    1.71676 9.500e-01   0.05238 1.655e-04    2.71931     2.721    0.949903    565
     550    1.68452 9.477e-01   0.04554 1.518e-04    2.67791     1.580    0.947606    592
     575    1.35828 9.454e-01   0.04007 1.338e-04    2.34389     1.808    0.945315    619
     600    1.69725 9.431e-01   0.04453 1.157e-04    2.68502     4.969    0.943032    646
     625    1.49603 9.408e-01   0.04102 9.712e-05    2.47799     2.754    0.940755    673
     650    1.46337 9.386e-01   0.03645 8.503e-05    2.43847     2.157    0.938485    701
     675    1.39457 9.363e-01   0.03952 7.131e-05    2.37047     4.402    0.936222    728
     700    1.12026 9.341e-01   0.02929 6.294e-05    2.08367     6.189    0.933965    754
     725    1.29439 9.318e-01   0.03532 5.425e-05    2.26157     1.546    0.931716    781
     750    1.36601 9.296e-01   0.03359 4.819e-05    2.32921     1.976    0.929474    808
     775    1.32753 9.273e-01   0.03154 4.270e-05    2.28644     2.362    0.927238    834
     800    1.26173 9.251e-01   0.03014 3.856e-05    2.21701     2.332    0.925010    861
     825    0.97062 9.229e-01   0.02567 3.391e-05    1.91920     1.394    0.922788    887
     850    1.20251 9.207e-01   0.02764 3.149e-05    2.15085     1.669    0.920573    914
     875    1.06637 9.185e-01   0.03084 2.958e-05    2.01569     1.771    0.918365    940
     900    0.95025 9.163e-01   0.02358 2.757e-05    1.89011     3.164    0.916164    967
     925    1.05191 9.141e-01   0.02782 2.645e-05    1.99381     2.302    0.913970    994
     950    1.14290 9.119e-01   0.02850 2.407e-05    2.08329     2.856    0.911783   1020
     975    1.16586 9.097e-01   0.02915 2.398e-05    2.10471     1.548    0.909602   1047
    1000    1.03874 9.075e-01   0.02355 2.263e-05    1.96983     2.357    0.907428   1073
    1025    1.03723 9.053e-01   0.02677 2.067e-05    1.96937     3.696    0.905260   1100
    1050    1.05430 9.032e-01   0.02260 2.065e-05    1.98010     3.260    0.903099   1126
    1075    1.03756 9.010e-01   0.02342 1.950e-05    1.96204     1.330    0.900946   1153
    1100    0.73160 8.989e-01   0.01936 1.895e-05    1.64986     1.651    0.898798   1180
    1125    0.73135 8.967e-01   0.01908 1.768e-05    1.64719     2.758    0.896657   1207
    1150    0.74586 8.946e-01   0.01861 1.789e-05    1.65909     2.079    0.894523   1233
    1175    0.94677 8.925e-01   0.02273 1.675e-05    1.86200     1.743    0.892395   1260
    1200    0.91106 8.904e-01   0.02078 1.567e-05    1.82221     6.390    0.890274   1287
    1225    0.78611 8.882e-01   0.01898 1.565e-05    1.69335     3.814    0.888159   1314
    1250    1.03122 8.861e-01   0.02211 1.506e-05    1.93948     2.890    0.886050   1341
    1275    0.84855 8.840e-01   0.02019 1.461e-05    1.75278     1.730    0.883948   1368
    1300    0.91758 8.819e-01   0.01718 1.438e-05    1.81672     1.348    0.881852   1395
    1325    0.87294 8.798e-01   0.02002 1.347e-05    1.77283     2.211    0.879763   1422
    1350    0.88380 8.778e-01   0.01740 1.377e-05    1.77898     2.663    0.877680   1449
    1375    0.73358 8.757e-01   0.01560 1.337e-05    1.62488     4.194    0.875603   1475
    1400    0.72239 8.736e-01   0.01691 1.335e-05    1.61292     2.460    0.873532   1502
    1425    0.86435 8.716e-01   0.01733 1.269e-05    1.75325     3.305    0.871468   1529
    1450    0.79972 8.695e-01   0.01775 1.266e-05    1.68697     2.475    0.869410   1556
    1475    0.71455 8.674e-01   0.01641 1.192e-05    1.59842     1.705    0.867357   1583
    1500    0.67312 8.654e-01   0.01462 1.081e-05    1.55315     4.073    0.865311   1610
    1525    0.78621 8.634e-01   0.01361 1.243e-05    1.66319     3.112    0.863271   1637
    1550    0.75430 8.613e-01   0.01681 9.798e-06    1.63243     3.310    0.861237   1664
    1575    0.61635 8.593e-01   0.01398 9.978e-06    1.48963     1.329    0.859209   1691
    1600    0.77460 8.573e-01   0.01631 9.191e-06    1.64819     2.461    0.857187   1717
    1625    0.72641 8.553e-01   0.01605 8.628e-06    1.59773     3.646    0.855171   1744
    1650    0.73101 8.532e-01   0.01227 9.586e-06    1.59653     4.429    0.853160   1771
    1675    0.58447 8.512e-01   0.01360 8.455e-06    1.44931     4.997    0.851156   1797
    1700    0.64205 8.492e-01   0.01629 8.263e-06    1.50759     1.404    0.849157   1824
    1725    0.69391 8.472e-01   0.01372 8.361e-06    1.55488     4.114    0.847164   1850
    1750    0.54213 8.453e-01   0.01027 7.584e-06    1.39767     1.482    0.845177   1876
    1775    0.53021 8.433e-01   0.01171 7.171e-06    1.38520     4.507    0.843196   1903
    1800    0.63325 8.413e-01   0.01451 6.934e-06    1.48907     5.055    0.841220   1929
    1825    0.55053 8.393e-01   0.01244 6.427e-06    1.40231     5.822    0.839250   1956
    1850    0.71654 8.374e-01   0.01037 7.575e-06    1.56429     2.114    0.837286   1982
    1875    0.63516 8.354e-01   0.01266 8.296e-06    1.48323     3.424    0.835327   2009
    1900    0.60429 8.335e-01   0.01201 6.929e-06    1.44975     2.572    0.833373   2036
    1925    0.59264 8.315e-01   0.01273 6.385e-06    1.43688     5.268    0.831426   2063
    1950    0.66148 8.296e-01   0.01487 5.881e-06    1.50592     3.683    0.829484   2089
    1975    0.60305 8.276e-01   0.01216 6.331e-06    1.44283     2.103    0.827547   2116
    2000    0.50254 8.257e-01   0.00985 5.777e-06    1.33810     1.878    0.825616   2143
    2025    0.57815 8.238e-01   0.00996 5.805e-06    1.41189     4.153    0.823690   2169
    2050    0.52261 8.218e-01   0.01044 5.566e-06    1.35490     1.543    0.821770   2196
    2075    0.51116 8.199e-01   0.00924 5.031e-06    1.34034     4.805    0.819855   2223
    2100    0.47906 8.180e-01   0.00804 6.069e-06    1.30513     3.926    0.817945   2250
    2125    0.48648 8.161e-01   0.00877 4.910e-06    1.31137     2.448    0.816041   2276
    2150    0.47846 8.142e-01   0.00756 4.908e-06    1.30024     6.463    0.814142   2303
    2175    0.45522 8.123e-01   0.00738 4.696e-06    1.27493     4.327    0.812248   2330
    2200    0.67851 8.104e-01   0.01122 5.695e-06    1.50016     3.096    0.810359   2357
    2225    0.50276 8.086e-01   0.00946 4.659e-06    1.32078     1.756    0.808476   2383
    2250    0.49047 8.067e-01   0.00674 4.890e-06    1.30389     1.821    0.806598   2410
    2275    0.50645 8.048e-01   0.00962 4.583e-06    1.32088     1.522    0.804725   2436
    2300    0.50330 8.029e-01   0.00664 4.980e-06    1.31287     3.005    0.802857   2463
    2325    0.58703 8.011e-01   0.00953 4.706e-06    1.39764     2.324    0.800994   2489
    2350    0.40667 7.992e-01   0.00669 4.988e-06    1.21257     3.853    0.799136   2516
    2375    0.53811 7.974e-01   0.01087 5.536e-06    1.34635     2.383    0.797284   2543
    2400    0.51616 7.955e-01   0.00781 4.219e-06    1.31948     2.364    0.795436   2569
    2425    0.48895 7.937e-01   0.00845 4.387e-06    1.29108     2.919    0.793593   2596
    2450    0.40313 7.918e-01   0.00746 5.567e-06    1.20243     1.829    0.791756   2622
    2475    0.37639 7.900e-01   0.00597 4.281e-06    1.17236     2.108    0.789923   2649
    [checkpoint 2500]  e@8 0.3957  e@368 3.9069  nRMSE@8 0.2951  nRMSE@368 4.0588
    2500    0.60533 7.882e-01   0.00930 1.438e-05    1.40281     4.307    0.788095   2680
    2525    0.47152 7.863e-01   0.00649 3.842e-06    1.26435     3.962    0.786272   2706
    2550    0.52331 7.845e-01   0.00714 4.270e-06    1.31499     2.883    0.784454   2733
    2575    0.41517 7.827e-01   0.00656 3.936e-06    1.20444     2.801    0.782641   2759
    2600    0.42990 7.809e-01   0.00617 3.886e-06    1.21698     1.967    0.780833   2785
    2625    0.46404 7.791e-01   0.00680 3.639e-06    1.24995     2.257    0.779029   2812
    2650    0.44989 7.773e-01   0.00721 8.243e-06    1.23442     4.827    0.777230   2839
    2675    0.38399 7.755e-01   0.00459 3.582e-06    1.16409     3.705    0.775436   2865
    2700    0.46393 7.737e-01   0.00560 3.810e-06    1.24325     8.516    0.773647   2892
    2725    0.38492 7.719e-01   0.00547 3.477e-06    1.16234     2.145    0.771862   2918
    2750    0.39413 7.702e-01   0.00412 3.457e-06    1.16841     1.172    0.770083   2945
    2775    0.35377 7.684e-01   0.00478 6.449e-06    1.12694     3.434    0.768307   2971
    2800    0.36281 7.666e-01   0.00473 6.012e-06    1.13416     1.651    0.766537   2998
    2825    0.40948 7.648e-01   0.00685 3.532e-06    1.18117     3.996    0.764771   3025
    2850    0.36767 7.631e-01   0.00494 3.364e-06    1.13569     2.503    0.763010   3051
    2875    0.35357 7.613e-01   0.00420 3.744e-06    1.11909     3.481    0.761253   3078
    2900    0.42255 7.596e-01   0.00483 7.453e-06    1.18697     3.714    0.759501   3105
    2925    0.36594 7.578e-01   0.00423 3.085e-06    1.12799     1.687    0.757753   3131
    2950    0.39931 7.561e-01   0.00564 1.301e-05    1.16104     2.800    0.756010   3158
    2975    0.41213 7.543e-01   0.00391 1.365e-05    1.17040     1.745    0.754271   3185
    3000    0.38777 7.526e-01   0.00468 3.162e-06    1.14505     2.457    0.752537   3211
    3025    0.42053 7.509e-01   0.00460 2.764e-06    1.17601     1.450    0.750808   3238
    3050    0.42237 7.492e-01   0.00446 2.985e-06    1.17599     2.626    0.749082   3265
    3075    0.36037 7.474e-01   0.00396 3.151e-06    1.11176     2.370    0.747362   3291
    3100    0.44375 7.457e-01   0.00514 3.119e-06    1.19461     1.799    0.745645   3318
    3125    0.38372 7.440e-01   0.00404 2.957e-06    1.13177     1.432    0.743933   3344
    3150    0.37459 7.423e-01   0.00561 2.876e-06    1.12249     5.362    0.742226   3371
    3175    0.36797 7.406e-01   0.00404 2.942e-06    1.11260     3.826    0.740522   3397
    3200    0.34875 7.389e-01   0.00397 8.814e-06    1.09162     2.625    0.738823   3424
    3225    0.37965 7.372e-01   0.00389 3.057e-06    1.12074     1.253    0.737129   3451
    3250    0.37479 7.355e-01   0.00372 1.628e-05    1.11403     1.904    0.735439   3477
    3275    0.32792 7.338e-01   0.00391 2.855e-06    1.06565     2.603    0.733753   3504
    3300    0.43092 7.321e-01   0.00367 2.700e-06    1.16673     1.936    0.732071   3530
    3325    0.34035 7.305e-01   0.00374 8.903e-06    1.07456     4.053    0.730393   3557
    3350    0.32455 7.288e-01   0.00386 7.139e-06    1.05720     6.156    0.728720   3583
    3375    0.29996 7.271e-01   0.00397 2.608e-06    1.03105     1.689    0.727051   3610
    3400    0.34939 7.255e-01   0.00416 6.568e-06    1.07900     4.911    0.725386   3636
    3425    0.40739 7.238e-01   0.00443 6.369e-06    1.13562     2.239    0.723725   3663
    3450    0.31237 7.221e-01   0.00315 2.754e-06    1.03766     1.380    0.722068   3689
    3475    0.34722 7.205e-01   0.00279 2.779e-06    1.07050     1.211    0.720416   3716
    3500    0.31680 7.188e-01   0.00373 8.660e-06    1.03937     3.213    0.718768   3742
    3525    0.37337 7.172e-01   0.00259 2.456e-06    1.09315     2.094    0.717123   3769
    3550    0.32258 7.155e-01   0.00281 2.748e-06    1.04094     3.150    0.715483   3796
    3575    0.30526 7.139e-01   0.00243 2.672e-06    1.02160     2.123    0.713847   3822
    3600    0.35337 7.123e-01   0.00314 2.324e-06    1.06880     6.269    0.712215   3849
    3625    0.34307 7.107e-01   0.00260 2.618e-06    1.05632     2.215    0.710587   3876
    3650    0.29384 7.090e-01   0.00331 2.652e-06    1.00618     2.776    0.708963   3902
    3675    0.34100 7.074e-01   0.00354 5.128e-06    1.05195     1.439    0.707343   3929
    3700    0.38945 7.058e-01   0.00371 2.506e-06    1.09896     2.029    0.705727   3956
    3725    0.33386 7.042e-01   0.00329 2.681e-06    1.04133     1.511    0.704115   3983
    3750    0.34974 7.026e-01   0.00335 4.888e-06    1.05567     4.240    0.702507   4010
    3775    0.32317 7.010e-01   0.00285 2.768e-06    1.02699     3.401    0.700903   4036
    3800    0.34073 6.994e-01   0.00290 2.504e-06    1.04300     2.601    0.699303   4063
    3825    0.31180 6.978e-01   0.00253 5.404e-06    1.01211     2.186    0.697707   4089
    3850    0.32215 6.962e-01   0.00390 5.400e-06    1.02223     3.763    0.696114   4116
    3875    0.28950 6.946e-01   0.00244 3.625e-06    0.98654     1.243    0.694526   4142
    3900    0.29733 6.930e-01   0.00297 4.792e-06    0.99331     1.882    0.692941   4169
    3925    0.28768 6.914e-01   0.00202 2.629e-06    0.98112     3.210    0.691361   4195
    3950    0.26703 6.898e-01   0.00217 2.296e-06    0.95906     2.519    0.689784   4222
    3975    0.26934 6.883e-01   0.00169 2.409e-06    0.95930     2.047    0.688211   4248
    4000    0.33443 6.867e-01   0.00243 2.379e-06    1.02356     2.013    0.686642   4275
    4025    0.34463 6.851e-01   0.00210 3.262e-06    1.03188     2.868    0.685076   4301
    4050    0.27622 6.836e-01   0.00200 2.389e-06    0.96180     2.722    0.683515   4328
    4075    0.33515 6.820e-01   0.00229 2.334e-06    1.01946     1.522    0.681957   4355
    4100    0.26510 6.805e-01   0.00188 2.376e-06    0.94745     1.283    0.680403   4381
    4125    0.25630 6.789e-01   0.00198 5.409e-06    0.93721     2.135    0.678853   4408
    4150    0.28046 6.774e-01   0.00182 2.238e-06    0.95964     1.533    0.677306   4435
    4175    0.26591 6.758e-01   0.00230 2.422e-06    0.94404     2.393    0.675763   4461
    4200    0.27893 6.743e-01   0.00206 2.129e-06    0.95527     1.717    0.674224   4488
    4225    0.31194 6.728e-01   0.00187 2.725e-06    0.98656     1.957    0.672689   4514
    4250    0.24432 6.712e-01   0.00186 2.286e-06    0.91740     2.788    0.671157   4541
    4275    0.24952 6.697e-01   0.00242 2.170e-06    0.92164     5.366    0.669629   4568
    4300    0.28142 6.682e-01   0.00164 2.298e-06    0.95123     1.156    0.668105   4594
    4325    0.29614 6.666e-01   0.00242 3.381e-06    0.96521     1.700    0.666584   4621
    4350    0.31038 6.651e-01   0.00194 2.122e-06    0.97745     3.207    0.665067   4647
    4375    0.31584 6.636e-01   0.00214 2.230e-06    0.98160     2.074    0.663553   4674
    4400    0.26816 6.621e-01   0.00186 2.082e-06    0.93212     1.412    0.662044   4701
    4425    0.31044 6.606e-01   0.00168 1.963e-06    0.97271     1.916    0.660537   4727
    4450    0.26328 6.591e-01   0.00208 4.300e-06    0.92446     4.963    0.659035   4754
    4475    0.25617 6.576e-01   0.00217 2.320e-06    0.91594     2.268    0.657536   4781
    4500    0.24958 6.561e-01   0.00167 2.060e-06    0.90735     2.502    0.656040   4808
    4525    0.27128 6.546e-01   0.00141 2.059e-06    0.92730     2.661    0.654548   4834
    4550    0.24298 6.531e-01   0.00160 2.031e-06    0.89770     2.291    0.653060   4861
    4575    0.29384 6.516e-01   0.00237 3.743e-06    0.94785     5.382    0.651575   4888
    4600    0.24408 6.502e-01   0.00176 2.249e-06    0.89599     2.205    0.650094   4915
    4625    0.22531 6.487e-01   0.00149 2.158e-06    0.87548     3.779    0.648616   4942
    4650    0.26097 6.472e-01   0.00184 2.896e-06    0.91001     2.499    0.647142   4968
    4675    0.27357 6.457e-01   0.00155 2.305e-06    0.92085     1.869    0.645671   4995
    4700    0.25943 6.443e-01   0.00185 2.332e-06    0.90554     4.747    0.644203   5021
    4725    0.26772 6.428e-01   0.00163 3.014e-06    0.91215     5.412    0.642740   5048
    4750    0.20946 6.413e-01   0.00148 2.188e-06    0.85228     1.935    0.641279   5075
    4775    0.23983 6.399e-01   0.00133 2.021e-06    0.88104     2.506    0.639822   5102
    4800    0.28062 6.384e-01   0.00218 2.835e-06    0.92123     1.777    0.638369   5128
    4825    0.21548 6.370e-01   0.00133 2.067e-06    0.85379     1.687    0.636919   5155
    4850    0.22744 6.355e-01   0.00137 1.986e-06    0.86435     2.780    0.635472   5181
    4875    0.22611 6.341e-01   0.00213 2.076e-06    0.86233     1.757    0.634028   5208
    4900    0.27210 6.326e-01   0.00217 6.647e-06    0.90693     2.175    0.632588   5235
    4925    0.25626 6.312e-01   0.00157 2.015e-06    0.88904     1.795    0.631152   5262
    4950    0.26525 6.298e-01   0.00143 1.964e-06    0.89646     1.449    0.629719   5288
    4975    0.25459 6.283e-01   0.00144 2.682e-06    0.88437     2.971    0.628289   5315
    [checkpoint 5000]  e@8 0.4222  e@368 2.6130  nRMSE@8 0.3256  nRMSE@368 2.3255
    5000    0.24313 6.269e-01   0.00162 5.902e-06    0.87167     4.241    0.626863   5345
    5025    0.26790 6.255e-01   0.00183 3.539e-06    0.89523     3.462    0.625440   5372
    5050    0.24799 6.241e-01   0.00177 1.896e-06    0.87384     2.482    0.624020   5399
    5075    0.21917 6.227e-01   0.00242 1.896e-06    0.84425     1.612    0.622604   5426
    5100    0.18908 6.212e-01   0.00118 1.978e-06    0.81150     1.859    0.621190   5452
    5125    0.24347 6.198e-01   0.00120 3.123e-06    0.86451     2.653    0.619780   5479
    5150    0.25785 6.184e-01   0.00196 1.943e-06    0.87825     2.792    0.618374   5506
    5175    0.21746 6.170e-01   0.00161 1.754e-06    0.83610     1.772    0.616971   5532
    5200    0.24518 6.156e-01   0.00140 4.291e-06    0.86221     3.010    0.615571   5559
    5225    0.23820 6.142e-01   0.00139 1.890e-06    0.85382     2.411    0.614174   5586
    5250    0.29609 6.128e-01   0.00139 3.191e-06    0.91032     1.735    0.612780   5613
    5275    0.24988 6.114e-01   0.00123 1.714e-06    0.86256     1.140    0.611390   5640
    5300    0.25760 6.101e-01   0.00127 1.794e-06    0.86893     2.260    0.610004   5667
    5325    0.20249 6.087e-01   0.00167 1.747e-06    0.81283     2.623    0.608620   5694
    5350    0.20501 6.073e-01   0.00154 1.938e-06    0.81385     2.279    0.607239   5721
    5375    0.25467 6.059e-01   0.00198 2.777e-06    0.86257     1.920    0.605862   5748
    5400    0.19927 6.045e-01   0.00166 4.022e-06    0.80548     2.821    0.604488   5775
    5425    0.22286 6.032e-01   0.00130 1.874e-06    0.82733     2.351    0.603116   5802
    5450    0.23781 6.018e-01   0.00123 1.709e-06    0.84084     2.380    0.601748   5828
    5475    0.26350 6.004e-01   0.00119 3.349e-06    0.86514     1.267    0.600384   5855
    5500    0.20182 5.991e-01   0.00176 1.648e-06    0.80266     2.050    0.599023   5882
    5525    0.21797 5.977e-01   0.00114 1.849e-06    0.81682     3.504    0.597665   5909
    5550    0.21670 5.964e-01   0.00138 4.890e-06    0.81445     4.716    0.596310   5935
    5575    0.25291 5.950e-01   0.00219 2.773e-06    0.85011     3.084    0.594958   5962
    5600    0.20132 5.937e-01   0.00152 3.511e-06    0.79651     3.340    0.593609   5989
    5625    0.26879 5.923e-01   0.00201 3.111e-06    0.86312     3.064    0.592264   6016
    5650    0.22281 5.910e-01   0.00145 1.608e-06    0.81524     4.378    0.590921   6043
    5675    0.19104 5.896e-01   0.00116 1.616e-06    0.78184     2.399    0.589582   6069
    5700    0.19777 5.883e-01   0.00143 1.926e-06    0.78751     1.515    0.588245   6096
    5725    0.18607 5.870e-01   0.00165 1.669e-06    0.77469     2.632    0.586911   6123
    5750    0.21942 5.856e-01   0.00123 1.639e-06    0.80628     2.942    0.585581   6150
    5775    0.21675 5.843e-01   0.00147 3.455e-06    0.80253     2.198    0.584254   6179
    5800    0.21322 5.830e-01   0.00127 1.698e-06    0.79747     1.402    0.582929   6206
    5825    0.21552 5.817e-01   0.00096 1.681e-06    0.79814     3.102    0.581608   6233
    5850    0.21251 5.803e-01   0.00069 1.567e-06    0.79355     5.112    0.580290   6259
    5875    0.21202 5.790e-01   0.00119 1.673e-06    0.79224     3.214    0.578976   6286
    5900    0.21030 5.777e-01   0.00105 1.683e-06    0.78907     2.179    0.577664   6313
    5925    0.23367 5.764e-01   0.00104 1.487e-06    0.81112     1.747    0.576356   6340
    5950    0.21107 5.751e-01   0.00130 1.561e-06    0.78748     1.873    0.575050   6367
    5975    0.23654 5.738e-01   0.00125 1.634e-06    0.81160     1.835    0.573747   6394
    6000    0.18569 5.725e-01   0.00082 1.892e-06    0.75901     2.344    0.572447   6421
    6025    0.18430 5.712e-01   0.00115 2.136e-06    0.75666     2.295    0.571151   6448
    6050    0.20012 5.699e-01   0.00114 1.656e-06    0.77117     3.282    0.569857   6475
    6075    0.16630 5.686e-01   0.00113 1.597e-06    0.73604     3.118    0.568566   6503
    6100    0.20356 5.673e-01   0.00077 1.560e-06    0.77166     1.343    0.567278   6530
    6125    0.19131 5.660e-01   0.00102 3.690e-06    0.75838     4.294    0.565993   6557
    6150    0.21191 5.648e-01   0.00113 2.401e-06    0.77780     1.847    0.564710   6584
    6175    0.19580 5.635e-01   0.00112 1.419e-06    0.76041     2.268    0.563431   6611
    6200    0.19402 5.622e-01   0.00125 1.458e-06    0.75748     2.747    0.562155   6638
    6225    0.19999 5.609e-01   0.00125 1.626e-06    0.76217     1.275    0.560881   6665
    6250    0.19736 5.597e-01   0.00149 1.528e-06    0.75851     1.412    0.559611   6692
    6275    0.19655 5.584e-01   0.00107 1.421e-06    0.75602     1.492    0.558343   6720
    6300    0.18339 5.571e-01   0.00089 1.419e-06    0.74141     2.055    0.557078   6747
    6325    0.20153 5.559e-01   0.00101 1.834e-06    0.75841     1.490    0.555817   6774
    6350    0.15502 5.546e-01   0.00076 1.514e-06    0.71039     1.019    0.554558   6802
    6375    0.19428 5.534e-01   0.00102 1.659e-06    0.74865     2.927    0.553303   6829
    6400    0.18238 5.521e-01   0.00079 1.505e-06    0.73527     1.606    0.552050   6857
    6425    0.19434 5.509e-01   0.00114 1.460e-06    0.74633     1.894    0.550800   6884
    6450    0.18852 5.496e-01   0.00121 1.619e-06    0.73934     1.801    0.549553   6911
    6475    0.20029 5.484e-01   0.00127 1.519e-06    0.74992     1.812    0.548309   6938
    6500    0.17502 5.471e-01   0.00128 1.453e-06    0.72342     3.101    0.547068   6965
    6525    0.18376 5.459e-01   0.00115 1.423e-06    0.73080     3.730    0.545829   6992
    6550    0.17717 5.446e-01   0.00090 1.388e-06    0.72272     2.027    0.544594   7020
    6575    0.20108 5.434e-01   0.00141 3.826e-06    0.74590     1.738    0.543361   7047
    6600    0.20780 5.422e-01   0.00051 1.381e-06    0.75050     1.273    0.542131   7074
    6625    0.18628 5.410e-01   0.00090 1.616e-06    0.72813     2.693    0.540903   7102
    6650    0.23643 5.397e-01   0.00097 1.401e-06    0.77713     3.183    0.539679   7129
    6675    0.19461 5.385e-01   0.00074 2.792e-06    0.73385     1.138    0.538457   7157
    6700    0.18640 5.373e-01   0.00098 2.453e-06    0.72467     1.910    0.537238   7184
    6725    0.18011 5.361e-01   0.00114 1.367e-06    0.71732     1.524    0.536022   7212
    6750    0.16777 5.349e-01   0.00071 1.302e-06    0.70334     2.801    0.534808   7240
    6775    0.17621 5.336e-01   0.00086 2.274e-06    0.71072     1.071    0.533598   7267
    6800    0.19866 5.324e-01   0.00110 3.530e-06    0.73220     1.339    0.532390   7295
    6825    0.19286 5.312e-01   0.00071 1.320e-06    0.72481     5.346    0.531184   7322
    6850    0.17983 5.300e-01   0.00115 1.455e-06    0.71102     2.193    0.529982   7350
    6875    0.18873 5.288e-01   0.00071 2.730e-06    0.71828     2.312    0.528782   7378
    6900    0.17002 5.276e-01   0.00090 1.241e-06    0.69855     2.610    0.527585   7405
    6925    0.20633 5.264e-01   0.00130 1.475e-06    0.73407     2.507    0.526390   7433
    6950    0.15926 5.252e-01   0.00056 1.378e-06    0.68507     1.368    0.525199   7461
    6975    0.16774 5.241e-01   0.00088 1.272e-06    0.69267     2.045    0.524010   7488
    7000    0.15388 5.229e-01   0.00071 1.317e-06    0.67746     2.378    0.522823   7517
    7025    0.20821 5.217e-01   0.00128 1.301e-06    0.73119     6.572    0.521640   7544
    7050    0.18164 5.205e-01   0.00079 1.272e-06    0.70294     2.815    0.520459   7572
    7075    0.18690 5.193e-01   0.00072 1.637e-06    0.70695     1.264    0.519280   7599
    7100    0.21053 5.182e-01   0.00062 1.232e-06    0.72931     1.939    0.518105   7627
    7125    0.19340 5.170e-01   0.00069 1.281e-06    0.71107     2.907    0.516933   7654
    7150    0.15945 5.158e-01   0.00072 1.271e-06    0.67598     1.871    0.515764   7681
    7175    0.14323 5.146e-01   0.00100 1.257e-06    0.65887     3.531    0.514597   7709
    7200    0.17245 5.135e-01   0.00177 2.984e-06    0.68770     1.468    0.513433   7736
    7225    0.16886 5.123e-01   0.00083 1.209e-06    0.68201     1.270    0.512271   7764
    7250    0.18285 5.112e-01   0.00061 1.353e-06    0.69462     2.164    0.511112   7791
    7275    0.16119 5.100e-01   0.00058 1.316e-06    0.67177     3.185    0.509956   7819
    7300    0.13265 5.088e-01   0.00062 1.084e-06    0.64212     1.310    0.508802   7846
    7325    0.14265 5.077e-01   0.00053 2.855e-06    0.65088     2.683    0.507651   7874
    7350    0.17266 5.065e-01   0.00104 3.061e-06    0.68025     1.369    0.506502   7902
    7375    0.17730 5.054e-01   0.00079 1.145e-06    0.68349     2.535    0.505356   7929
    7400    0.15588 5.043e-01   0.00072 1.098e-06    0.66085     2.936    0.504213   7957
    7425    0.15330 5.031e-01   0.00094 1.046e-06    0.65736     2.200    0.503072   7985
    7450    0.17401 5.020e-01   0.00135 3.129e-06    0.67734     2.935    0.501934   8012
    7475    0.15148 5.008e-01   0.00055 1.192e-06    0.65287     2.458    0.500799   8040
    [checkpoint 7500]  e@8 0.4640  e@368 2.1347  nRMSE@8 0.3310  nRMSE@368 1.8199
    7500    0.15693 4.997e-01   0.00113 1.199e-06    0.65778     2.403    0.499666   8072
    7525    0.16253 4.986e-01   0.00058 1.195e-06    0.66169     2.551    0.498535   8100
    7550    0.14733 4.975e-01   0.00064 1.171e-06    0.64543     1.885    0.497407   8127
    7575    0.15160 4.963e-01   0.00071 2.155e-06    0.64863     1.963    0.496282   8155
    7600    0.17183 4.952e-01   0.00074 1.121e-06    0.66777     2.146    0.495159   8183
    7625    0.17558 4.941e-01   0.00088 2.130e-06    0.67054     1.366    0.494039   8211
    7650    0.16516 4.930e-01   0.00048 1.176e-06    0.65860     1.727    0.492921   8239
    7675    0.17272 4.919e-01   0.00046 1.162e-06    0.66504     3.449    0.491806   8266
    7700    0.18130 4.907e-01   0.00074 1.131e-06    0.67277     4.245    0.490693   8294
    7725    0.15733 4.896e-01   0.00044 1.227e-06    0.64739     1.921    0.489583   8322
    7750    0.14780 4.885e-01   0.00075 4.786e-06    0.63707     5.355    0.488476   8350
    7775    0.17083 4.874e-01   0.00065 3.135e-06    0.65890     1.688    0.487370   8378
    7800    0.17548 4.863e-01   0.00059 1.241e-06    0.66239     3.012    0.486268   8406
    7825    0.14827 4.852e-01   0.00085 1.143e-06    0.63434     1.499    0.485168   8433
    7850    0.14837 4.841e-01   0.00055 2.701e-06    0.63303     1.318    0.484070   8461
    7875    0.15318 4.830e-01   0.00073 2.510e-06    0.63693     2.073    0.482975   8489
    7900    0.15501 4.819e-01   0.00077 1.113e-06    0.63771     1.326    0.481882   8516
    7925    0.15764 4.808e-01   0.00051 2.179e-06    0.63898     3.253    0.480792   8545
    7950    0.16177 4.797e-01   0.00162 1.137e-06    0.64314     2.609    0.479704   8573
    7975    0.12907 4.787e-01   0.00071 2.258e-06    0.60845     2.719    0.478619   8601
    8000    0.14809 4.776e-01   0.00091 3.744e-06    0.62658     2.968    0.477536   8629
    8025    0.13771 4.765e-01   0.00075 2.524e-06    0.61495     1.333    0.476456   8656
    8050    0.14847 4.754e-01   0.00063 9.742e-07    0.62452     1.944    0.475378   8684
    8075    0.14194 4.743e-01   0.00111 1.057e-06    0.61739     2.074    0.474302   8712
    8100    0.13721 4.733e-01   0.00171 1.049e-06    0.61219     3.661    0.473229   8739
    8125    0.14744 4.722e-01   0.00060 2.051e-06    0.62025     1.650    0.472158   8767
    8150    0.15332 4.711e-01   0.00052 1.037e-06    0.62497     2.004    0.471090   8795
    8175    0.13660 4.701e-01   0.00052 1.036e-06    0.60718     1.435    0.470024   8823
    8200    0.15923 4.690e-01   0.00047 9.724e-07    0.62870     5.369    0.468961   8850
    8225    0.16236 4.679e-01   0.00042 1.028e-06    0.63072     3.243    0.467900   8878
    8250    0.15224 4.669e-01   0.00083 1.925e-06    0.61996     3.630    0.466842   8906
    8275    0.13242 4.658e-01   0.00065 1.035e-06    0.59890     1.428    0.465785   8933
    8300    0.16886 4.648e-01   0.00064 1.152e-06    0.63428     2.074    0.464732   8961
    8325    0.14166 4.637e-01   0.00081 1.068e-06    0.60619     4.835    0.463680   8989
    8350    0.14778 4.627e-01   0.00087 1.071e-06    0.61133     2.390    0.462631   9017
    8375    0.13672 4.616e-01   0.00102 1.158e-06    0.59936     1.652    0.461584   9045
    8400    0.16454 4.606e-01   0.00102 1.068e-06    0.62614     1.961    0.460540   9072
    8425    0.13118 4.595e-01   0.00037 1.003e-06    0.59109     2.770    0.459498   9100
    8450    0.13118 4.585e-01   0.00060 9.402e-07    0.59028     1.892    0.458459   9128
    8475    0.14988 4.575e-01   0.00048 1.020e-06    0.60783     2.394    0.457421   9156
    8500    0.14775 4.564e-01   0.00097 1.897e-06    0.60515     1.612    0.456386   9184
    8525    0.15007 4.554e-01   0.00054 9.410e-07    0.60601     3.514    0.455354   9212
    8550    0.14320 4.544e-01   0.00044 9.062e-07    0.59801     2.093    0.454324   9240
    8575    0.16793 4.533e-01   0.00060 1.018e-06    0.62187     2.319    0.453296   9268
    8600    0.13386 4.523e-01   0.00031 9.901e-07    0.58649     1.844    0.452270   9295
    8625    0.15454 4.513e-01   0.00052 9.140e-07    0.60635     3.036    0.451247   9323
    8650    0.13931 4.503e-01   0.00050 1.076e-06    0.59008     2.499    0.450226   9351
    8675    0.15102 4.492e-01   0.00073 1.946e-06    0.60100     3.718    0.449208   9379
    8700    0.13145 4.482e-01   0.00038 9.072e-07    0.58006     1.856    0.448191   9407
    8725    0.14569 4.472e-01   0.00450 9.437e-07    0.59740     1.694    0.447177   9435
    8750    0.14570 4.462e-01   0.00117 2.507e-06    0.59308     2.434    0.446166   9463
    8775    0.13425 4.452e-01   0.00060 9.791e-07    0.58005     3.180    0.445156   9491
    8800    0.13725 4.442e-01   0.00045 9.919e-07    0.58189     2.329    0.444149   9518
    8825    0.12901 4.432e-01   0.00054 9.806e-07    0.57273     2.863    0.443144   9546
    8850    0.11792 4.422e-01   0.00044 9.912e-07    0.56055     3.929    0.442142   9574
    8875    0.13794 4.412e-01   0.00044 9.405e-07    0.57955     1.876    0.441141   9602
    8900    0.15054 4.402e-01   0.00039 9.289e-07    0.59111     1.419    0.440143   9630
    8925    0.14388 4.392e-01   0.00073 9.408e-07    0.58380     1.999    0.439148   9657
    8950    0.13101 4.382e-01   0.00066 1.009e-06    0.56986     1.142    0.438154   9685
    8975    0.13866 4.372e-01   0.00058 9.433e-07    0.57645     1.228    0.437163   9713
    9000    0.14417 4.362e-01   0.00049 1.209e-06    0.58087     4.204    0.436174   9741
    9025    0.12423 4.352e-01   0.00042 2.227e-06    0.55987     3.229    0.435187   9768
    9050    0.13966 4.342e-01   0.00076 2.623e-06    0.57467     3.423    0.434202   9796
    9075    0.12316 4.333e-01   0.00073 9.291e-07    0.55715     2.297    0.433220   9824
    9100    0.15469 4.323e-01   0.00051 8.789e-07    0.58748     2.855    0.432240   9852
    9125    0.13935 4.313e-01   0.00057 9.673e-07    0.57122     1.634    0.431262   9880
    9150    0.14514 4.303e-01   0.00046 8.946e-07    0.57593     3.127    0.430287   9908
    9175    0.12834 4.294e-01   0.00068 2.970e-06    0.55837     1.986    0.429314   9936
    9200    0.13607 4.284e-01   0.00072 9.034e-07    0.56517     2.461    0.428344   9964
    9225    0.12706 4.274e-01   0.00065 9.012e-07    0.55513     2.069    0.427375   9992
    9250    0.11749 4.264e-01   0.00071 9.013e-07    0.54465     1.904    0.426409  10020
    9275    0.13501 4.255e-01   0.00060 9.463e-07    0.56110     1.876    0.425445  10047
    9300    0.15157 4.245e-01   0.00084 1.009e-06    0.57693     2.186    0.424483  10076
    9325    0.11826 4.236e-01   0.00071 8.677e-07    0.54254     2.202    0.423523  10104
    9350    0.13743 4.226e-01   0.00055 8.926e-07    0.56058     1.962    0.422566  10132
    9375    0.15495 4.216e-01   0.00053 9.041e-07    0.57713     3.381    0.421610  10160
    9400    0.12986 4.207e-01   0.00048 1.864e-06    0.55104     2.766    0.420657  10188
    9425    0.12889 4.197e-01   0.00079 1.892e-06    0.54943     1.865    0.419706  10215
    9450    0.13806 4.188e-01   0.00048 8.849e-07    0.55734     1.914    0.418757  10243
    9475    0.11133 4.178e-01   0.00041 9.895e-07    0.52958     1.676    0.417810  10271
    9500    0.11336 4.169e-01   0.00102 1.718e-06    0.53128     1.410    0.416866  10300
    9525    0.13663 4.160e-01   0.00077 8.462e-07    0.55336     1.369    0.415923  10327
    9550    0.12948 4.150e-01   0.00046 9.778e-07    0.54496     1.820    0.414983  10355
    9575    0.13619 4.141e-01   0.00044 1.711e-06    0.55071     5.500    0.414044  10383
    9600    0.12999 4.131e-01   0.00052 8.803e-07    0.54366     2.527    0.413108  10411
    9625    0.14225 4.122e-01   0.00108 8.505e-07    0.55554     3.042    0.412174  10439
    9650    0.11560 4.113e-01   0.00044 2.710e-06    0.52732     1.092    0.411242  10467
    9675    0.14251 4.103e-01   0.00067 9.333e-07    0.55353     2.061    0.410313  10495
    9700    0.11798 4.094e-01   0.00041 8.836e-07    0.52781     3.399    0.409385  10522
    9725    0.12478 4.085e-01   0.00038 8.170e-07    0.53365     1.662    0.408459  10550
    9750    0.14505 4.076e-01   0.00046 2.406e-06    0.55309     1.653    0.407536  10578
    9775    0.15121 4.067e-01   0.00100 9.044e-07    0.55885     5.189    0.406614  10606
    9800    0.10750 4.057e-01   0.00047 8.036e-07    0.51370     2.722    0.405695  10634
    9825    0.13023 4.048e-01   0.00043 8.660e-07    0.53548     1.344    0.404778  10662
    9850    0.12557 4.039e-01   0.00031 1.935e-06    0.52978     2.907    0.403863  10690
    9875    0.12476 4.030e-01   0.00043 8.504e-07    0.52817     1.310    0.402950  10717
    9900    0.12803 4.021e-01   0.00050 8.112e-07    0.53061     1.805    0.402039  10745
    9925    0.12034 4.012e-01   0.00047 8.539e-07    0.52198     2.079    0.401130  10773
    9950    0.12301 4.003e-01   0.00020 7.865e-07    0.52347     1.547    0.400223  10801
    9975    0.12364 3.994e-01   0.00034 7.861e-07    0.52334     2.183    0.399318  10829
    9999    0.11673 3.985e-01   0.00041 1.783e-06    0.51563     1.519    0.398451  10856
    [checkpoint 10000]  e@8 0.4789  e@368 1.9545  nRMSE@8 0.3285  nRMSE@368 1.5595

----------------------------------------------------------------------------------
  wall clock 3.02 h (1.086 s/iter)
  final: state 1.1673e-01  bound 3.9849e-01  contact 4.0949e-04  termination 1.7828e-06
  grad norm: mean 2.485  median 2.227  p99 6.127  max 9.810
  spikes (>5x trailing 50-median): 0
  collapse fit: d(log_delta)/d(iter) = -9.1538e-05 +- 3.66e-08   (lr 0.0001, rate/lr 0.92)
    exp(log_delta): 0.999900 -> 0.398451
    iterations implied to reach the checkpoint's -14.4629: 157,999
  state-loss slope over the final 250 iterations: -2.568e-05 per iter  (still falling)

  wrote results/step5_armB_seed2_10k.json
  weights in runs/armB_seed2_10k (gitignored)
