==================================================================================
STEP 5 MAIN RUN -- armA_seed0_dup
==================================================================================
  arm A: state branch feeds back its own SAMPLE (autoregressive, faithful)
  auxiliary branch: teacher-forced in BOTH arms (system_dynamics.py:264)
  ensemble 1, batch 256, lr 0.0001, weight_decay 1e-05, 2500 iterations
  action alignment: causal, offset=1 (X-05)
  gradient clipping: NONE -- the reference has none in this path (5.7a)
  CONTROL ARM: 7687 clean + 195 DUPLICATED clean = 7882 windows (count matches the contamination arm, no splices)
    duplication seed 10000, first 5 duplicated starts [20, 154, 215, 234, 244]

    iter      state     bound   contact    termin      total    |grad| exp(logdel)      s
       0   47.03323 1.000e+00   0.68627 7.024e-01   49.42191    55.430    0.999900      2
      25   33.68002 9.975e-01   0.59090 2.853e-01   35.55370    22.427    0.997422     32
      50   24.73524 9.951e-01   0.39867 1.553e-02   26.14451    19.084    0.994958     66
      75   21.67383 9.926e-01   0.34749 5.183e-03   23.01910    15.073    0.992507    100
     100   20.15543 9.902e-01   0.30669 3.940e-03   21.45622    16.117    0.990062    134
     125   14.29898 9.877e-01   0.22566 3.670e-03   15.51605    14.826    0.987636    174
     150   12.34625 9.853e-01   0.14561 3.307e-03   13.48052    11.835    0.985252    211
     175   12.57668 9.830e-01   0.10099 2.714e-03   13.66343    12.393    0.982960    235
     200    9.91242 9.808e-01   0.08092 2.216e-03   10.97641    12.898    0.980761    258
     225   10.31974 9.787e-01   0.06962 1.728e-03   11.36976    11.798    0.978586    280
     250   11.30829 9.765e-01   0.07379 1.370e-03   12.35995    12.559    0.976402    303
     275   10.29320 9.743e-01   0.06824 1.115e-03   11.33685    12.240    0.974205    326
     300    9.87269 9.721e-01   0.06334 9.321e-04   10.90905    12.439    0.971998    349
     325    8.69733 9.699e-01   0.06481 7.975e-04    9.73281    14.382    0.969783    372
     350    8.75254 9.676e-01   0.05947 6.999e-04    9.78036    14.808    0.967561    398
     375    7.15205 9.654e-01   0.05485 6.107e-04    8.17294    12.562    0.965336    423
     400    7.12341 9.632e-01   0.05590 5.457e-04    8.14305    10.801    0.963107    447
     425    6.36451 9.610e-01   0.05788 4.753e-04    7.38384    12.378    0.960877    470
     450    6.65554 9.587e-01   0.05856 4.390e-04    7.67328    11.329    0.958646    493
     475    6.90457 9.565e-01   0.05757 4.078e-04    7.91906    10.674    0.956415    516
    [checkpoint 500]  e@8 0.3965  e@368 1.9490  nRMSE@8 0.3605  nRMSE@368 3.6001
     500    5.48934 9.543e-01   0.05229 3.893e-04    6.49629    10.889    0.954184    543
     525    5.39139 9.520e-01   0.05496 3.523e-04    6.39875    10.642    0.951956    566
     550    5.87134 9.498e-01   0.04799 3.358e-04    6.86949    13.460    0.949729    589
     575    5.18328 9.476e-01   0.05339 3.121e-04    6.18458    11.160    0.947504    612
     600    5.94586 9.454e-01   0.04948 3.061e-04    6.94102     9.639    0.945282    636
     625    5.75973 9.432e-01   0.04812 2.948e-04    6.75129    11.828    0.943063    659
     650    4.34208 9.409e-01   0.04593 2.742e-04    5.32922    12.705    0.940848    682
     675    4.91965 9.387e-01   0.04181 2.782e-04    5.90046    12.424    0.938637    705
     700    3.83016 9.365e-01   0.03807 2.647e-04    4.80501    11.018    0.936429    728
     725    3.72089 9.343e-01   0.03413 2.566e-04    4.68959    13.212    0.934225    751
     750    4.46983 9.321e-01   0.03374 2.476e-04    5.43593    11.867    0.932026    775
     775    4.12175 9.299e-01   0.03324 2.252e-04    5.08514     9.444    0.929832    798
     800    3.82762 9.277e-01   0.03383 2.059e-04    4.78939    13.743    0.927642    823
     825    3.56206 9.255e-01   0.03197 1.934e-04    4.51976     9.701    0.925457    846
     850    3.10034 9.234e-01   0.03044 1.856e-04    4.05434    10.271    0.923276    870
     875    3.88485 9.212e-01   0.03193 1.760e-04    4.83815    10.534    0.921101    894
     900    4.15115 9.190e-01   0.02903 1.698e-04    5.09937    13.416    0.918931    918
     925    3.62685 9.169e-01   0.02729 1.598e-04    4.57115     9.298    0.916766    942
     950    3.24511 9.147e-01   0.03032 1.499e-04    4.19028    10.004    0.914606    970
     975    4.16359 9.125e-01   0.03301 1.411e-04    5.10928    10.546    0.912451    995
    1000    2.82133 9.104e-01   0.02379 1.375e-04    3.75565    10.570    0.910302   1019
    1025    3.94923 9.082e-01   0.02859 1.312e-04    4.88620    10.994    0.908158   1043
    1050    3.50326 9.061e-01   0.02824 1.246e-04    4.43773    10.265    0.906020   1067
    1075    2.83911 9.040e-01   0.02546 1.184e-04    3.76866     7.412    0.903887   1096
    1100    2.65686 9.018e-01   0.02090 1.129e-04    3.57971    10.955    0.901759   1131
    1125    2.88655 8.997e-01   0.02346 1.103e-04    3.80984    10.874    0.899637   1164
    1150    2.51645 8.976e-01   0.02007 1.046e-04    3.43423    10.872    0.897521   1197
    1175    3.00947 8.955e-01   0.02108 1.027e-04    3.92615     9.800    0.895410   1230
    1200    2.56157 8.934e-01   0.02093 9.547e-05    3.47599     9.570    0.893304   1263
    1225    2.40991 8.913e-01   0.01743 9.486e-05    3.31872     9.497    0.891205   1297
    1250    2.44817 8.892e-01   0.01824 8.988e-05    3.35569    10.235    0.889111   1327
    1275    2.47830 8.871e-01   0.01854 8.647e-05    3.38404     9.444    0.887022   1363
    1300    2.37753 8.850e-01   0.02155 8.143e-05    3.28418     9.251    0.884939   1387
    1325    2.91946 8.829e-01   0.01886 7.955e-05    3.82135     8.111    0.882861   1412
    1350    2.95663 8.809e-01   0.01688 7.585e-05    3.85446     7.819    0.880789   1438
    1375    2.96206 8.788e-01   0.01895 7.431e-05    3.85989    11.259    0.878723   1470
    1400    2.81887 8.767e-01   0.01773 7.344e-05    3.71341     9.246    0.876662   1502
    1425    2.03512 8.747e-01   0.01451 6.928e-05    2.92439     9.366    0.874607   1538
    1450    2.45276 8.726e-01   0.01697 6.815e-05    3.34243     9.724    0.872558   1572
    1475    2.33681 8.706e-01   0.01553 6.321e-05    3.22300    12.667    0.870514   1615
    1500    2.41152 8.686e-01   0.01483 5.577e-05    3.29497    10.224    0.868475   1655
    1525    2.30980 8.665e-01   0.01610 4.944e-05    3.19247    10.665    0.866442   1688
    1550    2.44012 8.645e-01   0.01731 3.997e-05    3.32197    10.980    0.864415   1721
    1575    1.76588 8.625e-01   0.01333 3.434e-05    2.64172    10.077    0.862393   1752
    1600    2.42065 8.605e-01   0.01497 2.978e-05    3.29610    10.638    0.860377   1781
    1625    1.84786 8.584e-01   0.01290 2.522e-05    2.71922     9.977    0.858366   1811
    1650    2.72090 8.564e-01   0.01548 2.204e-05    3.59285    10.523    0.856360   1841
    1675    1.90676 8.544e-01   0.01323 2.007e-05    2.77445    10.261    0.854360   1872
    1700    1.96224 8.524e-01   0.01318 1.757e-05    2.82789     8.102    0.852366   1902
    1725    2.43248 8.505e-01   0.01523 1.593e-05    3.29819     9.632    0.850377   1930
    1750    1.77172 8.485e-01   0.01302 1.496e-05    2.63323     8.014    0.848393   1959
    1775    1.81509 8.465e-01   0.01088 1.300e-05    2.67247     9.215    0.846414   1988
    1800    2.22326 8.445e-01   0.01544 1.168e-05    3.08324     9.763    0.844441   2017
    1825    2.07612 8.426e-01   0.01229 1.514e-05    2.93098     9.226    0.842474   2063
    1850    1.66599 8.406e-01   0.01016 1.187e-05    2.51674    10.477    0.840512   2109
    1875    1.87341 8.386e-01   0.01235 1.001e-05    2.72441     8.274    0.838555   2155
    1900    2.03513 8.367e-01   0.01191 1.271e-05    2.88374    12.422    0.836603   2201
    1925    2.14269 8.347e-01   0.01122 8.799e-06    2.98865    11.848    0.834656   2246
    1950    1.99907 8.328e-01   0.01144 8.189e-06    2.84332     8.887    0.832715   2292
    1975    1.88167 8.309e-01   0.00998 1.432e-05    2.72252     8.080    0.830779   2336
    2000    1.86395 8.289e-01   0.01178 6.979e-06    2.70466    12.425    0.828849   2379
    2025    2.19561 8.270e-01   0.01385 1.419e-05    3.03648     9.612    0.826923   2424
    2050    1.74263 8.251e-01   0.00931 1.314e-05    2.57703     7.670    0.825003   2469
    2075    1.81055 8.232e-01   0.01165 6.091e-06    2.64538     9.863    0.823087   2514
    2100    2.20142 8.213e-01   0.01342 1.048e-05    3.03611     8.002    0.821177   2558
    2125    1.80543 8.193e-01   0.00947 1.004e-05    2.63426    12.599    0.819272   2605
    2150    1.79791 8.174e-01   0.01137 5.890e-06    2.62673     9.835    0.817372   2653
    2175    1.48445 8.156e-01   0.01019 5.460e-06    2.31020     7.703    0.815478   2681
    2200    2.00629 8.137e-01   0.01120 9.495e-06    2.83116     9.418    0.813588   2706
    2225    1.96513 8.118e-01   0.01001 5.512e-06    2.78692    11.637    0.811703   2730
    2250    1.48441 8.099e-01   0.00803 5.044e-06    2.30234    10.702    0.809823   2755
    2275    1.71305 8.080e-01   0.00786 5.352e-06    2.52894    10.043    0.807949   2780
    2300    1.57462 8.062e-01   0.00833 5.017e-06    2.38910    12.796    0.806079   2806
    2325    1.49978 8.043e-01   0.00779 4.898e-06    2.31186     9.900    0.804214   2833
    2350    1.66031 8.024e-01   0.00727 7.115e-06    2.47001    10.089    0.802354   2859
    2375    1.36957 8.006e-01   0.00709 4.527e-06    2.17724     8.186    0.800499   2884
    2400    1.51630 7.987e-01   0.00834 6.254e-06    2.32337    11.525    0.798649   2909
    2425    1.56094 7.969e-01   0.00824 4.381e-06    2.36606     8.830    0.796804   2934
    2450    1.54238 7.950e-01   0.00970 4.382e-06    2.34713     9.988    0.794963   2960
    2475    1.39372 7.932e-01   0.00657 4.743e-06    2.19350    10.924    0.793128   2985
    2499    1.72092 7.914e-01   0.00893 4.715e-06    2.52130     8.729    0.791370   3009
    [checkpoint 2500]  e@8 0.3207  e@368 0.8620  nRMSE@8 0.2594  nRMSE@368 1.6794

----------------------------------------------------------------------------------
  wall clock 0.84 h (1.205 s/iter)
  final: state 1.7209e+00  bound 7.9144e-01  contact 8.9286e-03  termination 4.7146e-06
  grad norm: mean 11.238  median 10.727  p99 23.737  max 55.430
  spikes (>5x trailing 50-median): 0
  collapse fit: d(log_delta)/d(iter) = -9.3640e-05 +- 2.64e-08   (lr 0.0001, rate/lr 0.94)
    exp(log_delta): 0.999900 -> 0.791370
    iterations implied to reach the checkpoint's -14.4629: 154,453
  state-loss slope over the final 250 iterations: -3.446e-04 per iter  (still falling)

  wrote results/step5_armA_seed0_dup.json
  weights in runs/armA_seed0_dup (gitignored)
