==================================================================================
STEP 5 MAIN RUN -- armA_seed4_nll
==================================================================================
  arm A: state branch feeds back its own SAMPLE (autoregressive, faithful)
  auxiliary branch: teacher-forced in BOTH arms (system_dynamics.py:264)
  ensemble 1, batch 256, lr 0.0001, weight_decay 1e-05, 2500 iterations
  rnn_hidden_size 256  (RELEASED)
  action alignment: causal, offset=1 (X-05)
  gradient clipping: NONE -- the reference has none in this path (5.7a)
  7687 training windows from episodes [0, 2, 3, 4, 5, 6, 7, 9]
  LOSS TYPE: gaussian_nll (the authors' unused branch, system_dynamics.py:285)

    iter      state     bound   contact    termin      total    |grad| exp(logdel)      s
       0  889.18140 1.000e+00   0.67899 6.691e-01  891.52954   897.319    1.000100      1
      25  656.19965 1.002e+00   0.59055 1.881e-01  657.98071   467.674    1.002494     31
      50  448.99619 1.005e+00   0.40321 6.321e-03  450.41031   391.838    1.004690     62
      75  367.13937 1.007e+00   0.35656 2.249e-03  368.50473   344.514    1.006599     93
     100  300.74481 1.008e+00   0.33730 1.692e-03  302.09198   305.922    1.008243    123
     125  258.65948 1.010e+00   0.30275 1.639e-03  259.97354   266.077    1.009718    153
     150  239.10753 1.011e+00   0.22078 1.777e-03  240.34111   279.496    1.011084    184
     175  201.92361 1.012e+00   0.14111 2.010e-03  203.07906   273.645    1.012367    214
     200  227.38959 1.014e+00   0.10493 1.626e-03  228.50972   261.704    1.013628    245
     225  166.30199 1.015e+00   0.07441 1.122e-03  167.39236   251.052    1.014879    276
     250  162.47903 1.016e+00   0.06500 7.612e-04  163.56081   239.434    1.016049    306
     275  142.11194 1.017e+00   0.06256 5.622e-04  143.19225   220.495    1.017225    337
     300  136.67902 1.018e+00   0.05794 4.548e-04  137.75575   298.503    1.018393    367
     325  131.42035 1.020e+00   0.05971 3.614e-04  132.49994   230.844    1.019558    397
     350  118.19795 1.021e+00   0.05581 2.934e-04  119.27470   278.394    1.020690    427
     375  128.41629 1.022e+00   0.05791 2.590e-04  129.49620   213.049    1.021793    458
     400  133.13889 1.023e+00   0.06445 2.284e-04  134.22639   215.491    1.022877    488
     425  104.13717 1.024e+00   0.05578 1.934e-04  105.21703   230.569    1.023936    518
     450  115.02656 1.025e+00   0.05391 1.753e-04  116.10555   206.807    1.024957    548
     475  100.87737 1.026e+00   0.05072 1.591e-04  101.95417   177.747    1.025967    579
    [checkpoint 500]  e@8 0.4024  e@368 1.9722  nRMSE@8 0.3554  nRMSE@368 2.7803
     500   88.18571 1.027e+00   0.04708 1.452e-04   89.25985   204.609    1.026955    614
     525   82.99691 1.028e+00   0.04889 1.333e-04   84.07384   190.068    1.027945    644
     550   77.71597 1.029e+00   0.04327 1.187e-04   78.78824   243.473    1.028915    675
     575   75.04954 1.030e+00   0.03859 1.175e-04   76.11809   168.541    1.029886    706
     600   80.91280 1.031e+00   0.04120 1.065e-04   81.98492   195.027    1.030846    736
     625   70.15465 1.032e+00   0.03624 1.052e-04   71.22273   226.411    1.031775    767
     650   79.77399 1.033e+00   0.04042 8.851e-05   80.84715   202.667    1.032666    798
     675   75.89127 1.034e+00   0.03687 8.278e-05   76.96179   226.182    1.033611    829
     700   68.38412 1.034e+00   0.03529 7.152e-05   69.45396   218.988    1.034520    860
     725   72.39629 1.035e+00   0.03396 6.853e-05   73.46574   189.130    1.035448    892
     750   52.43563 1.036e+00   0.02988 5.313e-05   53.50187   175.620    1.036343    924
     775   78.39230 1.037e+00   0.03691 5.013e-05   79.46642   191.969    1.037192    955
     800   72.14348 1.038e+00   0.03424 4.200e-05   73.21579   161.682    1.038056    987
     825   54.28156 1.039e+00   0.03234 3.756e-05   55.35283   234.596    1.038922   1019
     850   57.25094 1.040e+00   0.03023 3.419e-05   58.32095   159.124    1.039782   1051
     875   57.79726 1.041e+00   0.02868 3.007e-05   58.86655   156.688    1.040614   1082
     900   63.52778 1.041e+00   0.02995 2.656e-05   64.59917   204.819    1.041453   1114
     925   47.80737 1.042e+00   0.02534 2.418e-05   48.87503   166.635    1.042322   1146
     950   49.26070 1.043e+00   0.02421 2.109e-05   50.32808   178.027    1.043166   1178
     975   62.58624 1.044e+00   0.03009 2.301e-05   63.66033   179.330    1.044017   1210
    1000   46.45264 1.045e+00   0.02355 1.914e-05   47.52099   204.746    1.044824   1242
    1025   62.67775 1.046e+00   0.02833 2.312e-05   63.75171   217.564    1.045640   1274
    1050   47.93362 1.046e+00   0.02059 1.868e-05   49.00065   186.886    1.046461   1306
    1075   44.04472 1.047e+00   0.02759 1.544e-05   45.11956   146.949    1.047265   1340
    1100   42.84837 1.048e+00   0.01944 1.528e-05   43.91584   200.477    1.048053   1372
    1125   34.87099 1.049e+00   0.01960 1.492e-05   35.93941   151.363    1.048844   1404
    1150   41.28422 1.050e+00   0.02202 1.332e-05   42.35584   157.812    1.049626   1435
    1175   39.40300 1.050e+00   0.02170 1.408e-05   40.47509   175.470    1.050403   1467
    1200   38.23848 1.051e+00   0.01700 2.638e-05   39.30668   155.969    1.051214   1498
    1225   38.50182 1.052e+00   0.01871 1.268e-05   39.57249   177.235    1.051984   1530
    1250   35.73410 1.053e+00   0.02215 1.185e-05   36.80899   166.293    1.052762   1561
    1275   39.24837 1.053e+00   0.02099 1.091e-05   40.32286   183.184    1.053516   1592
    1300   39.01416 1.054e+00   0.01890 1.197e-05   40.08733   134.717    1.054283   1623
    1325   35.12763 1.055e+00   0.01631 1.125e-05   36.19897   138.298    1.055049   1654
    1350   36.03947 1.056e+00   0.01581 1.577e-05   37.11108   169.538    1.055815   1684
    1375   35.49845 1.057e+00   0.01851 8.986e-06   36.57353   180.509    1.056590   1715
    1400   45.87159 1.057e+00   0.01916 1.036e-05   46.94812   169.295    1.057389   1746
    1425   40.60576 1.058e+00   0.01715 8.753e-06   41.68105   155.792    1.058167   1776
    1450   36.58556 1.059e+00   0.01612 1.422e-05   37.66063   230.658    1.058957   1807
    1475   41.42049 1.060e+00   0.01881 2.177e-05   42.49904   183.755    1.059742   1837
    1500   35.64090 1.060e+00   0.01703 8.041e-06   36.71840   150.613    1.060500   1868
    1525   24.57469 1.061e+00   0.01272 7.905e-06   25.64863   178.700    1.061247   1898
    1550   30.06940 1.062e+00   0.01218 7.666e-06   31.14355   131.252    1.061998   1928
    1575   27.10698 1.063e+00   0.01431 1.313e-05   28.18403   139.945    1.062751   1958
    1600   34.24643 1.063e+00   0.01313 9.037e-06   35.32304   127.339    1.063504   1988
    1625   31.42952 1.064e+00   0.01464 7.525e-06   32.50841   131.546    1.064280   2018
    1650   30.74805 1.065e+00   0.01341 1.868e-05   31.82651   167.201    1.065058   2048
    1675   29.62165 1.066e+00   0.01464 6.408e-06   30.70210   150.741    1.065836   2079
    1700   30.42199 1.067e+00   0.01518 6.421e-06   31.50374   155.053    1.066600   2109
    1725   22.86553 1.067e+00   0.01126 6.242e-06   23.94413   129.008    1.067359   2138
    1750   26.74864 1.068e+00   0.01230 6.283e-06   27.82901   165.816    1.068085   2168
    1775   30.95766 1.069e+00   0.01391 1.555e-05   32.04041   161.274    1.068845   2198
    1800   27.24329 1.070e+00   0.01190 5.589e-06   28.32476   176.754    1.069597   2228
    1825   21.94622 1.070e+00   0.01062 1.809e-05   23.02720   130.466    1.070382   2257
    1850   27.71098 1.071e+00   0.01291 2.399e-05   28.79500   119.144    1.071120   2287
    1875   28.78675 1.072e+00   0.01458 5.625e-06   29.87318   152.716    1.071884   2317
    1900   23.86765 1.073e+00   0.01174 1.769e-05   24.95201   122.337    1.072639   2347
    1925   25.20012 1.073e+00   0.01072 7.544e-06   26.28418   134.122    1.073364   2377
    1950   31.70398 1.074e+00   0.01386 1.906e-05   32.79194   133.513    1.074111   2406
    1975   23.56521 1.075e+00   0.01013 4.630e-06   24.65016   152.879    1.074840   2436
    2000   21.22692 1.076e+00   0.01176 5.191e-06   22.31425   162.332    1.075595   2465
    2025   21.07768 1.076e+00   0.01088 4.651e-06   22.16488   157.156    1.076353   2495
    2050   26.49635 1.077e+00   0.01402 1.734e-05   27.58749   124.776    1.077139   2524
    2075   20.39971 1.078e+00   0.00892 4.159e-06   21.48650   131.604    1.077897   2553
    2100   23.08171 1.079e+00   0.00960 2.948e-05   24.16993   144.260    1.078625   2583
    2125   19.91718 1.079e+00   0.00814 4.187e-06   21.00465   141.689    1.079364   2612
    2150   21.07712 1.080e+00   0.01049 4.236e-06   22.16769   147.638    1.080107   2641
    2175   20.18147 1.081e+00   0.00989 4.115e-06   21.27219   103.408    1.080849   2671
    2200   22.07499 1.082e+00   0.00974 4.206e-06   23.16632   131.022    1.081608   2700
    2225   24.63373 1.082e+00   0.01087 7.613e-06   25.72697   167.129    1.082389   2729
    2250   15.95049 1.083e+00   0.00825 2.019e-05   17.04189   109.566    1.083167   2758
    2275   18.34887 1.084e+00   0.00983 3.989e-06   19.44257   136.529    1.083896   2788
    2300   16.01617 1.085e+00   0.00856 4.462e-06   17.10930   142.752    1.084601   2817
    2325   22.69375 1.085e+00   0.00892 4.351e-06   23.78796   108.955    1.085321   2846
    2350   16.46388 1.086e+00   0.00844 3.782e-06   17.55839   132.703    1.086093   2875
    2375   21.25062 1.087e+00   0.00865 7.712e-06   22.34609   129.018    1.086849   2904
    2400   16.05647 1.088e+00   0.00827 3.776e-06   17.15232   164.826    1.087601   2934
    2425   14.59041 1.088e+00   0.00664 3.798e-06   15.68538   101.067    1.088361   2963
    2450   16.82719 1.089e+00   0.00736 1.265e-05   17.92366   114.956    1.089135   2992
    2475   17.75807 1.090e+00   0.00864 1.477e-05   18.85659   147.395    1.089895   3021
    2499   16.27108 1.091e+00   0.00667 3.769e-06   17.36834   119.246    1.090618   3050
    [checkpoint 2500]  e@8 0.3270  e@368 1.0076  nRMSE@8 0.2795  nRMSE@368 1.2738

----------------------------------------------------------------------------------
  wall clock 0.85 h (1.222 s/iter)
  final: state 1.6271e+01  bound 1.0906e+00  contact 6.6681e-03  termination 3.7691e-06
  grad norm: mean 185.186  median 167.478  p99 477.503  max 897.319
  spikes (>5x trailing 50-median): 0
  collapse fit: d(log_delta)/d(iter) = 3.2049e-05 +- 3.13e-07   (lr 0.0001, rate/lr 0.32)
    exp(log_delta): 1.000100 -> 1.090618
    iterations implied to reach the checkpoint's -14.4629: -451,269
  state-loss slope over the final 250 iterations: -5.130e-03 per iter  (still falling)

  wrote results/step5_armA_seed4_nll.json
  weights in runs/armA_seed4_nll (gitignored)
