==================================================================================
STEP 5 MAIN RUN -- armA_seed0_contam
==================================================================================
  arm A: state branch feeds back its own SAMPLE (autoregressive, faithful)
  auxiliary branch: teacher-forced in BOTH arms (system_dynamics.py:264)
  ensemble 1, batch 256, lr 0.0001, weight_decay 1e-05, 2500 iterations
  action alignment: causal, offset=1 (X-05)
  gradient clipping: NONE -- the reference has none in this path (5.7a)
  CONTAMINATION ARM: 7687 clean + 195 splice = 7882 windows (2.47% contaminated)

    iter      state     bound   contact    termin      total    |grad| exp(logdel)      s
       0   47.41003 1.000e+00   0.68630 7.024e-01   49.79876    55.605    0.999900      1
      25   35.48331 9.975e-01   0.59162 2.881e-01   37.36055    22.524    0.997422     35
      50   26.70802 9.951e-01   0.39869 1.557e-02   28.11733    19.410    0.994957     69
      75   22.02659 9.926e-01   0.34792 5.105e-03   23.37222    15.318    0.992505    101
     100   22.38025 9.902e-01   0.30802 3.906e-03   23.68235    16.472    0.990062    134
     125   15.35063 9.877e-01   0.22776 3.658e-03   16.56978    14.353    0.987635    168
     150   13.76097 9.853e-01   0.14911 3.306e-03   14.89873    12.805    0.985250    210
     175   13.17190 9.830e-01   0.10379 2.693e-03   14.26142    12.830    0.982954    259
     200   12.21261 9.808e-01   0.08590 2.204e-03   13.28156    14.048    0.980756    309
     225   11.13808 9.787e-01   0.07293 1.701e-03   12.19138    11.325    0.978582    360
     250   11.20697 9.765e-01   0.07475 1.346e-03   12.25956    12.751    0.976399    422
     275   11.00217 9.743e-01   0.06908 1.103e-03   12.04664    12.810    0.974203    481
     300   11.46768 9.721e-01   0.06975 9.264e-04   12.51044    13.953    0.971997    538
     325   10.13076 9.699e-01   0.06993 7.879e-04   11.17135    14.449    0.969783    579
     350    9.89936 9.677e-01   0.06424 6.988e-04   10.93194    17.181    0.967563    615
     375    8.15830 9.654e-01   0.05651 6.059e-04    9.18084    13.677    0.965338    663
     400    7.74513 9.632e-01   0.05792 5.395e-04    8.76678    11.974    0.963111    714
     425    7.34028 9.610e-01   0.06142 4.730e-04    8.36315    13.584    0.960881    765
     450    7.00711 9.587e-01   0.05985 4.366e-04    8.02613    12.553    0.958651    828
     475    7.81893 9.565e-01   0.05954 4.055e-04    8.83538    11.628    0.956421    891
    [checkpoint 500]  e@8 0.3897  e@368 2.5010  nRMSE@8 0.3547  nRMSE@368 4.9153
     500    6.27358 9.543e-01   0.05485 3.844e-04    7.28310    11.984    0.954192    957
     525    5.80351 9.521e-01   0.05553 3.462e-04    6.81143    10.770    0.951964    993
     550    6.25604 9.498e-01   0.04840 3.300e-04    7.25460    14.093    0.949737   1029
     575    6.52350 9.476e-01   0.05732 3.061e-04    7.52874    11.362    0.947514   1070
     600    6.39542 9.454e-01   0.05191 2.988e-04    7.39302    11.188    0.945292   1101
     625    5.71970 9.432e-01   0.04836 2.880e-04    6.71151    13.572    0.943075   1125
     650    5.57839 9.409e-01   0.05076 2.697e-04    6.57037    12.988    0.940860   1150
     675    5.32587 9.387e-01   0.04326 2.707e-04    6.30813    14.030    0.938649   1174
     700    4.32229 9.365e-01   0.03910 2.597e-04    5.29818    11.915    0.936442   1198
     725    4.73486 9.343e-01   0.03728 2.514e-04    5.70671    12.909    0.934239   1222
     750    4.87225 9.321e-01   0.03411 2.430e-04    5.83873    12.918    0.932041   1245
     775    5.47045 9.299e-01   0.03810 2.258e-04    6.43871     9.303    0.929847   1270
     800    4.24345 9.277e-01   0.03523 2.064e-04    5.20663    12.749    0.927657   1294
     825    4.18042 9.256e-01   0.03335 1.933e-04    5.13953     8.937    0.925472   1318
     850    3.78230 9.234e-01   0.03257 1.886e-04    4.73844    11.240    0.923293   1342
     875    4.55568 9.212e-01   0.03385 1.768e-04    5.51092    11.241    0.921118   1367
     900    5.07058 9.190e-01   0.03121 1.698e-04    6.02099    17.321    0.918948   1391
     925    4.61043 9.169e-01   0.03115 1.607e-04    5.55861    12.256    0.916783   1416
     950    3.53633 9.147e-01   0.03206 1.529e-04    4.48325    12.391    0.914624   1440
     975    4.44506 9.126e-01   0.03445 1.426e-04    5.39221    11.981    0.912470   1465
    1000    4.33739 9.104e-01   0.02838 1.379e-04    5.27631     9.624    0.910321   1490
    1025    4.82817 9.083e-01   0.03187 1.341e-04    5.76844    12.100    0.908177   1514
    1050    3.98565 9.061e-01   0.02906 1.269e-04    4.92096    12.916    0.906039   1539
    1075    3.19649 9.040e-01   0.02590 1.200e-04    4.12649    10.006    0.903907   1564
    1100    3.43057 9.019e-01   0.02566 1.147e-04    4.35821     9.953    0.901779   1589
    1125    3.32095 8.997e-01   0.02487 1.201e-04    4.24568    13.828    0.899657   1613
    1150    3.56219 8.976e-01   0.02390 1.069e-04    4.48382    14.283    0.897541   1638
    1175    3.42997 8.955e-01   0.02276 1.144e-04    4.34836    11.539    0.895431   1662
    1200    2.62795 8.934e-01   0.02098 9.820e-05    3.54244    11.237    0.893325   1687
    1225    3.09174 8.913e-01   0.01825 1.111e-04    4.00141     8.654    0.891226   1712
    1250    2.78996 8.892e-01   0.01939 9.122e-05    3.69866    10.187    0.889132   1736
    1275    3.07531 8.871e-01   0.02014 8.869e-05    3.98267    10.314    0.887044   1761
    1300    3.32397 8.850e-01   0.02577 8.433e-05    4.23487    11.956    0.884961   1786
    1325    3.00871 8.830e-01   0.01887 9.284e-05    3.91064    10.299    0.882883   1810
    1350    3.30091 8.809e-01   0.01723 7.931e-05    4.19912    10.661    0.880812   1836
    1375    3.11095 8.788e-01   0.01973 9.191e-05    4.00961    11.050    0.878746   1860
    1400    3.20752 8.768e-01   0.01987 7.580e-05    4.10423    13.168    0.876685   1885
    1425    2.20440 8.747e-01   0.01523 7.032e-05    3.09441    12.563    0.874630   1910
    1450    2.53346 8.727e-01   0.01673 6.863e-05    3.42292     9.866    0.872581   1934
    1475    2.69182 8.706e-01   0.01838 8.632e-05    3.58091    11.885    0.870537   1959
    1500    2.47219 8.686e-01   0.01535 6.096e-05    3.35618    10.958    0.868499   1984
    1525    2.35051 8.665e-01   0.01627 6.197e-05    3.23340    12.693    0.866466   2009
    1550    3.19250 8.645e-01   0.01813 5.680e-05    4.07521    12.443    0.864439   2034
    1575    2.44164 8.625e-01   0.01469 7.425e-05    3.31890    10.951    0.862417   2059
    1600    2.84576 8.605e-01   0.01677 5.952e-05    3.72307     9.620    0.860400   2084
    1625    2.40564 8.585e-01   0.01412 6.407e-05    3.27829    10.997    0.858390   2108
    1650    2.73722 8.565e-01   0.01539 4.498e-05    3.60912    10.686    0.856384   2133
    1675    2.20970 8.545e-01   0.01378 7.400e-05    3.07802    10.826    0.854384   2158
    1700    2.06009 8.525e-01   0.01435 3.942e-05    2.92695     9.410    0.852390   2184
    1725    2.73500 8.505e-01   0.01591 3.671e-05    3.60143    15.911    0.850401   2208
    1750    2.61435 8.485e-01   0.01504 4.220e-05    3.47793     8.867    0.848417   2233
    1775    1.92061 8.465e-01   0.01124 3.222e-05    2.77840     9.300    0.846439   2258
    1800    2.26132 8.445e-01   0.01545 2.886e-05    3.12134    10.682    0.844466   2283
    1825    2.19349 8.426e-01   0.01396 7.016e-05    3.05010     9.497    0.842498   2308
    1850    1.87752 8.406e-01   0.01081 2.634e-05    2.72897    10.724    0.840536   2333
    1875    2.08413 8.387e-01   0.01353 3.463e-05    2.93635    14.960    0.838579   2358
    1900    2.62071 8.367e-01   0.01361 5.256e-05    3.47108    12.596    0.836628   2383
    1925    2.80705 8.348e-01   0.01346 2.169e-05    3.65529    11.025    0.834681   2407
    1950    2.19132 8.328e-01   0.01239 6.952e-05    3.03660    10.776    0.832740   2432
    1975    1.96573 8.309e-01   0.01086 2.038e-05    2.80750     7.828    0.830804   2457
    2000    2.42514 8.290e-01   0.01315 2.107e-05    3.26727    18.845    0.828874   2482
    2025    2.35077 8.270e-01   0.01440 2.518e-05    3.19222    13.100    0.826948   2506
    2050    2.22356 8.251e-01   0.01033 2.733e-05    3.05903    10.411    0.825028   2531
    2075    2.42410 8.232e-01   0.01220 1.674e-05    3.25950    14.173    0.823112   2556
    2100    2.67548 8.213e-01   0.01338 1.660e-05    3.51015    11.857    0.821202   2581
    2125    2.05732 8.194e-01   0.01056 4.285e-05    2.88730    10.025    0.819298   2606
    2150    2.20972 8.175e-01   0.01224 5.469e-05    3.03948    10.127    0.817398   2630
    2175    2.15201 8.156e-01   0.01181 4.367e-05    2.97944     7.723    0.815503   2655
    2200    2.06723 8.137e-01   0.01094 9.440e-06    2.89186    10.013    0.813613   2680
    2225    2.02692 8.118e-01   0.01019 7.544e-06    2.84892     9.653    0.811728   2705
    2250    1.63734 8.099e-01   0.00847 2.306e-05    2.45576    11.071    0.809849   2730
    2275    1.86403 8.080e-01   0.00849 5.995e-06    2.68058     9.935    0.807974   2754
    2300    1.64786 8.062e-01   0.00850 5.292e-06    2.46254    11.609    0.806104   2779
    2325    1.58389 8.043e-01   0.00775 2.125e-05    2.39597    10.846    0.804239   2804
    2350    2.26077 8.025e-01   0.00942 4.769e-05    3.07269     8.506    0.802380   2829
    2375    1.79764 8.006e-01   0.00862 2.811e-05    2.60689     8.267    0.800525   2853
    2400    1.79811 7.987e-01   0.00878 7.204e-06    2.60564     9.999    0.798674   2878
    2425    2.24982 7.969e-01   0.00942 3.031e-05    3.05617     9.807    0.796829   2902
    2450    1.78851 7.951e-01   0.00936 4.402e-06    2.59294     9.915    0.794989   2927
    2475    1.76907 7.932e-01   0.00742 3.801e-06    2.56972    10.715    0.793153   2952
    2499    1.89474 7.915e-01   0.00897 4.726e-06    2.69519     9.726    0.791396   2976
    [checkpoint 2500]  e@8 0.3100  e@368 0.6350  nRMSE@8 0.2632  nRMSE@368 0.8367

----------------------------------------------------------------------------------
  wall clock 0.83 h (1.192 s/iter)
  final: state 1.8947e+00  bound 7.9147e-01  contact 8.9703e-03  termination 4.7256e-06
  grad norm: mean 12.157  median 11.738  p99 23.760  max 55.605
  spikes (>5x trailing 50-median): 0
  collapse fit: d(log_delta)/d(iter) = -9.3625e-05 +- 2.63e-08   (lr 0.0001, rate/lr 0.94)
    exp(log_delta): 0.999900 -> 0.791396
    iterations implied to reach the checkpoint's -14.4629: 154,477
  state-loss slope over the final 250 iterations: -4.208e-04 per iter  (still falling)

  wrote results/step5_armA_seed0_contam.json
  weights in runs/armA_seed0_contam (gitignored)
