==================================================================================
STEP 5 MAIN RUN -- armA_seed1_nll
==================================================================================
  arm A: state branch feeds back its own SAMPLE (autoregressive, faithful)
  auxiliary branch: teacher-forced in BOTH arms (system_dynamics.py:264)
  ensemble 1, batch 256, lr 0.0001, weight_decay 1e-05, 2500 iterations
  action alignment: causal, offset=1 (X-05)
  gradient clipping: NONE -- the reference has none in this path (5.7a)
  7687 training windows from episodes [0, 2, 3, 4, 5, 6, 7, 9]
  LOSS TYPE: gaussian_nll (the authors' unused branch, system_dynamics.py:285)

    iter      state     bound   contact    termin      total    |grad| exp(logdel)      s
       0  831.09869 1.000e+00   0.69361 6.640e-01  833.45630   954.754    1.000100      1
      25  655.93738 1.002e+00   0.60264 2.784e-01  657.82086   500.980    1.002504     24
      50  449.06610 1.005e+00   0.39124 1.246e-02  450.47440   389.948    1.004692     49
      75  334.73340 1.007e+00   0.35271 4.053e-03  336.09668   322.514    1.006597     74
     100  302.08728 1.008e+00   0.33129 2.946e-03  303.42969   274.568    1.008199    102
     125  279.06674 1.010e+00   0.28479 2.490e-03  280.36359   313.988    1.009592    147
     150  217.54018 1.011e+00   0.19763 2.296e-03  218.75095   239.541    1.010898    195
     175  194.28290 1.012e+00   0.12416 2.247e-03  195.42140   210.262    1.012151    230
     200  175.33885 1.013e+00   0.08902 2.026e-03  176.44321   276.144    1.013359    255
     225  164.68703 1.014e+00   0.07335 1.631e-03  165.77649   256.767    1.014526    280
     250  145.94359 1.016e+00   0.07002 1.240e-03  147.03052   272.509    1.015712    306
     275  149.83223 1.017e+00   0.06654 9.765e-04  150.91655   218.349    1.016844    331
     300  127.31448 1.018e+00   0.05718 8.005e-04  128.39038   317.961    1.017974    356
     325  136.72665 1.019e+00   0.05815 6.776e-04  137.80450   229.271    1.019078    381
     350  141.90791 1.020e+00   0.06816 5.625e-04  142.99677   208.794    1.020165    406
     375  110.00957 1.021e+00   0.05540 4.824e-04  111.08667   238.366    1.021258    431
     400  113.30609 1.022e+00   0.05110 4.372e-04  114.37988   216.422    1.022295    456
     425   86.94539 1.023e+00   0.04606 3.876e-04   88.01511   173.829    1.023319    482
     450   85.91199 1.024e+00   0.04811 3.540e-04   86.98472   188.860    1.024314    507
     475   85.18736 1.025e+00   0.04494 3.254e-04   86.25789   166.767    1.025298    532
    [checkpoint 500]  e@8 0.4051  e@368 2.9202  nRMSE@8 0.3393  nRMSE@368 2.9701
     500   94.38036 1.026e+00   0.04992 2.987e-04   95.45680   211.889    1.026267    561
     525   88.39158 1.027e+00   0.05192 2.663e-04   89.47099   225.614    1.027252    586
     550   88.99829 1.028e+00   0.04199 2.625e-04   90.06873   185.568    1.028231    612
     575  115.76053 1.029e+00   0.04795 2.498e-04  116.83785   204.606    1.029160    637
     600   90.16959 1.030e+00   0.04567 2.337e-04   91.24555   212.491    1.030091    663
     625   75.82850 1.031e+00   0.03910 2.324e-04   76.89879   147.353    1.030995    688
     650   60.09227 1.032e+00   0.03581 2.145e-04   61.16018   174.001    1.031919    713
     675   66.45538 1.033e+00   0.03556 2.005e-04   67.52393   192.224    1.032825    738
     700   68.97810 1.034e+00   0.03295 1.920e-04   70.04493   193.118    1.033727    764
     725   71.17641 1.035e+00   0.03227 1.787e-04   72.24342   160.512    1.034586    789
     750   59.03941 1.035e+00   0.03156 1.625e-04   60.10656   166.214    1.035452    814
     775   61.46439 1.036e+00   0.02906 1.543e-04   62.52989   161.766    1.036325    839
     800   83.36316 1.037e+00   0.03403 1.449e-04   84.43447   272.951    1.037178    864
     825   73.25255 1.038e+00   0.03078 1.328e-04   74.32148   187.493    1.038062    889
     850   52.34277 1.039e+00   0.02651 1.245e-04   53.40831   192.425    1.038940    914
     875   54.29635 1.040e+00   0.02738 1.206e-04   55.36359   236.181    1.039771    940
     900   46.01678 1.041e+00   0.02423 1.162e-04   47.08168   168.942    1.040583    965
     925   50.05970 1.041e+00   0.02784 1.101e-04   51.12902   175.365    1.041401    990
     950   45.21243 1.042e+00   0.02443 1.044e-04   46.27914   166.162    1.042223   1015
     975   51.83241 1.043e+00   0.02584 9.898e-05   52.90136   131.518    1.043037   1040
    1000   46.84678 1.044e+00   0.02222 9.829e-05   47.91288   163.788    1.043820   1066
    1025   54.89783 1.045e+00   0.02656 9.217e-05   55.96905   150.205    1.044600   1091
    1050   48.60827 1.045e+00   0.02292 9.142e-05   49.67665   151.033    1.045400   1116
    1075   57.55619 1.046e+00   0.02689 8.249e-05   58.62932   179.558    1.046189   1142
    1100   35.47188 1.047e+00   0.02003 8.361e-05   36.53895   146.037    1.046999   1167
    1125   40.73749 1.048e+00   0.02319 7.538e-05   41.80853   179.272    1.047805   1192
    1150   49.76054 1.049e+00   0.02387 8.163e-05   50.83304   171.577    1.048586   1217
    1175   41.48669 1.049e+00   0.02071 7.415e-05   42.55683   170.726    1.049383   1242
    1200   47.07446 1.050e+00   0.02085 7.416e-05   48.14552   173.107    1.050175   1267
    1225   42.34069 1.051e+00   0.01999 6.797e-05   43.41169   164.798    1.050965   1292
    1250   46.38260 1.052e+00   0.02197 6.525e-05   47.45638   154.493    1.051770   1318
    1275   38.93427 1.053e+00   0.01876 6.523e-05   40.00565   129.991    1.052588   1342
    1300   35.45820 1.053e+00   0.01851 6.486e-05   36.53012   143.685    1.053373   1367
    1325   41.92476 1.054e+00   0.01905 6.259e-05   42.99799   184.487    1.054152   1392
    1350   29.59332 1.055e+00   0.01495 6.784e-05   30.66325   155.518    1.054942   1418
    1375   35.27360 1.056e+00   0.01445 5.995e-05   36.34379   149.721    1.055709   1443
    1400   32.41454 1.056e+00   0.01685 5.408e-05   33.48788   157.949    1.056477   1468
    1425   33.89816 1.057e+00   0.01558 6.007e-05   34.97100   172.426    1.057225   1493
    1450   30.08566 1.058e+00   0.01366 5.429e-05   31.15733   136.038    1.057979   1517
    1475   33.35838 1.059e+00   0.01606 5.223e-05   34.43319   143.654    1.058729   1543
    1500   23.93113 1.059e+00   0.01262 5.111e-05   25.00325   152.213    1.059483   1568
    1525   39.07969 1.060e+00   0.01749 5.298e-05   40.15743   186.210    1.060241   1593
    1550   32.31259 1.061e+00   0.01596 4.972e-05   33.38957   157.746    1.061005   1618
    1575   31.18955 1.062e+00   0.01595 5.007e-05   32.26730   140.486    1.061781   1643
    1600   29.60100 1.063e+00   0.01412 5.728e-05   30.67768   152.268    1.062534   1668
    1625   27.79589 1.063e+00   0.01209 4.142e-05   28.87127   208.425    1.063277   1693
    1650   35.60482 1.064e+00   0.01582 4.261e-05   36.68469   138.985    1.064037   1717
    1675   30.49211 1.065e+00   0.01492 3.999e-05   31.57184   151.050    1.064803   1742
    1700   25.27685 1.066e+00   0.01132 3.652e-05   26.35373   133.016    1.065554   1767
    1725   25.40079 1.066e+00   0.01087 3.533e-05   26.47797   146.926    1.066307   1792
    1750   29.17151 1.067e+00   0.01342 3.398e-05   30.25200   147.712    1.067060   1817
    1775   29.55571 1.068e+00   0.01477 3.461e-05   30.63833   126.874    1.067838   1842
    1800   25.04481 1.069e+00   0.01374 3.023e-05   26.12715   144.864    1.068600   1868
    1825   26.02859 1.069e+00   0.01190 3.897e-05   27.10987   124.389    1.069363   1893
    1850   26.15528 1.070e+00   0.01264 4.343e-05   27.23806   178.256    1.070135   1918
    1875   22.44134 1.071e+00   0.01025 2.827e-05   23.52244   116.167    1.070858   1943
    1900   22.43577 1.072e+00   0.01240 2.527e-05   23.51976   159.241    1.071586   1968
    1925   18.60620 1.072e+00   0.01021 2.406e-05   19.68875   142.757    1.072338   1993
    1950   23.37265 1.073e+00   0.01187 2.484e-05   24.45762   116.949    1.073108   2018
    1975   23.98957 1.074e+00   0.01160 2.668e-05   25.07504   112.818    1.073875   2043
    2000   21.28364 1.075e+00   0.00983 2.406e-05   22.36810   128.433    1.074627   2068
    2025   22.72322 1.075e+00   0.01035 3.918e-05   23.80896   126.287    1.075382   2093
    2050   22.38753 1.076e+00   0.00909 2.171e-05   23.47275   127.964    1.076143   2117
    2075   22.66964 1.077e+00   0.01005 2.128e-05   23.75658   143.032    1.076900   2143
    2100   19.52305 1.078e+00   0.01003 1.968e-05   20.61074   221.241    1.077672   2168
    2125   22.87077 1.078e+00   0.01055 2.074e-05   23.95974   115.400    1.078429   2194
    2150   24.10298 1.079e+00   0.01023 2.226e-05   25.19239   117.241    1.079186   2219
    2175   17.98132 1.080e+00   0.01027 1.854e-05   19.07152   101.705    1.079937   2244
    2200   21.33564 1.081e+00   0.00954 1.835e-05   22.42582   122.875    1.080652   2268
    2225   17.57616 1.081e+00   0.00831 1.680e-05   18.66584   126.528    1.081393   2294
    2250   17.72477 1.082e+00   0.00910 1.781e-05   18.81602   100.483    1.082164   2319
    2275   21.13308 1.083e+00   0.00851 3.446e-05   22.22451   101.314    1.082915   2344
    2300   15.18142 1.084e+00   0.00645 1.574e-05   16.27153   136.805    1.083670   2369
    2325   20.55954 1.084e+00   0.00768 2.620e-05   21.65161   153.434    1.084400   2394
    2350   17.43966 1.085e+00   0.00753 1.483e-05   18.53233   146.514    1.085148   2419
    2375   19.93588 1.086e+00   0.00828 1.450e-05   21.03001   131.375    1.085864   2445
    2400   14.84394 1.087e+00   0.00698 2.207e-05   15.93754   110.698    1.086622   2470
    2425   17.03430 1.087e+00   0.00705 1.389e-05   18.12868   120.002    1.087345   2495
    2450   15.81259 1.088e+00   0.00718 1.314e-05   16.90786   113.597    1.088117   2520
    2475   20.49812 1.089e+00   0.00938 1.165e-05   21.59635   123.189    1.088861   2545
    2499   17.55753 1.090e+00   0.00756 1.246e-05   18.65465   106.970    1.089580   2569
    [checkpoint 2500]  e@8 0.3287  e@368 0.9956  nRMSE@8 0.2709  nRMSE@368 1.1253

----------------------------------------------------------------------------------
  wall clock 0.71 h (1.029 s/iter)
  final: state 1.7558e+01  bound 1.0896e+00  contact 7.5587e-03  termination 1.2461e-05
  grad norm: mean 181.536  median 165.419  p99 491.709  max 954.754
  spikes (>5x trailing 50-median): 0
  collapse fit: d(log_delta)/d(iter) = 3.1785e-05 +- 2.90e-07   (lr 0.0001, rate/lr 0.32)
    exp(log_delta): 1.000100 -> 1.089580
    iterations implied to reach the checkpoint's -14.4629: -455,028
  state-loss slope over the final 250 iterations: -1.115e-02 per iter  (still falling)

  wrote results/step5_armA_seed1_nll.json
  weights in runs/armA_seed1_nll (gitignored)
