==================================================================================
STEP 5 MAIN RUN -- armA_seed3_m49h124
==================================================================================
  arm A: state branch feeds back its own SAMPLE (autoregressive, faithful)
  auxiliary branch: teacher-forced in BOTH arms (system_dynamics.py:264)
  ensemble 1, batch 256, lr 0.0001, weight_decay 1e-05, 2500 iterations
  rnn_hidden_size 124  (M-49 capacity-matched)
  action alignment: causal, offset=1 (X-05)
  gradient clipping: NONE -- the reference has none in this path (5.7a)
  7687 training windows from episodes [0, 2, 3, 4, 5, 6, 7, 9]

    iter      state     bound   contact    termin      total    |grad| exp(logdel)      s
       0   49.86707 1.000e+00   0.68944 7.275e-01   52.28406    45.722    0.999900      0
      25   40.15263 9.975e-01   0.65842 4.945e-01   42.30304    23.019    0.997421     12
      50   32.37449 9.950e-01   0.56354 1.610e-01   34.09409    20.722    0.994952     23
      75   27.85298 9.926e-01   0.43044 2.705e-02   29.30306    17.630    0.992501     35
     100   26.03021 9.902e-01   0.37567 1.266e-02   27.40870    15.716    0.990062     47
     125   20.64479 9.877e-01   0.35250 6.762e-03   21.99179    12.372    0.987635     59
     150   19.24942 9.853e-01   0.33257 5.304e-03   20.57260    12.224    0.985217     71
     175   14.80793 9.829e-01   0.29132 4.562e-03   16.08673    12.910    0.982821     83
     200   14.57045 9.805e-01   0.23551 4.604e-03   15.79110    12.183    0.980446     95
     225   15.34034 9.782e-01   0.17675 4.640e-03   16.49995     9.983    0.978125    107
     250   11.86140 9.760e-01   0.13147 3.665e-03   12.97250    10.268    0.975883    118
     275   12.60434 9.738e-01   0.09854 3.079e-03   13.67975     9.305    0.973715    130
     300   12.98297 9.717e-01   0.08509 2.673e-03   14.04239    10.087    0.971574    142
     325   11.60685 9.695e-01   0.08024 2.133e-03   12.65874     9.560    0.969431    154
     350   11.51898 9.674e-01   0.07323 1.787e-03   12.56137     9.032    0.967280    166
     375   12.46369 9.652e-01   0.07108 1.504e-03   13.50148    12.344    0.965120    178
     400   10.75784 9.630e-01   0.06575 1.209e-03   11.78784     9.031    0.962954    190
     425    9.48651 9.609e-01   0.06538 9.994e-04   10.51375     9.508    0.960782    202
     450    8.87975 9.587e-01   0.05857 8.375e-04    9.89785    10.231    0.958606    214
     475    9.09846 9.565e-01   0.05979 7.102e-04   10.11548     9.433    0.956426    226
    [checkpoint 500]  e@8 0.4531  e@368 6.5867  nRMSE@8 0.4066  nRMSE@368 7.2535
     500    8.75644 9.543e-01   0.06116 5.949e-04    9.77252     9.878    0.954245    241
     525    8.72276 9.521e-01   0.05708 5.085e-04    9.73250     8.555    0.952062    253
     550    9.01368 9.500e-01   0.05836 4.348e-04   10.02244    10.161    0.949878    265
     575    7.35456 9.478e-01   0.04965 4.028e-04    8.35240     8.491    0.947694    277
     600    8.24129 9.456e-01   0.05834 3.497e-04    9.24558     8.057    0.945512    290
     625    8.01480 9.434e-01   0.05757 3.060e-04    9.01610     9.257    0.943330    302
     650    7.34005 9.412e-01   0.06183 2.678e-04    8.34338     8.619    0.941149    314
     675    6.81469 9.391e-01   0.05075 2.536e-04    7.80475     7.654    0.938971    326
     700    9.52448 9.369e-01   0.06412 2.375e-04   10.52571    12.689    0.936795    339
     725    6.97074 9.347e-01   0.06036 2.047e-04    7.96601     8.726    0.934621    351
     750    6.49970 9.325e-01   0.05526 1.905e-04    7.48768     7.083    0.932450    364
     775    6.72558 9.304e-01   0.04716 1.836e-04    7.70330    11.152    0.930283    376
     800    6.18765 9.282e-01   0.05006 1.657e-04    7.16608     8.539    0.928119    388
     825    6.42839 9.260e-01   0.05632 1.568e-04    7.41091     8.199    0.925958    401
     850    5.34138 9.239e-01   0.04646 1.447e-04    6.31188     7.918    0.923801    413
     875    5.78326 9.217e-01   0.04817 1.371e-04    6.75330     8.975    0.921648    425
     900    5.47739 9.196e-01   0.05025 1.299e-04    6.44736     6.801    0.919499    438
     925    6.32366 9.174e-01   0.05189 1.257e-04    7.29311    10.048    0.917355    450
     950    4.88931 9.153e-01   0.04026 1.209e-04    5.84499     8.907    0.915214    463
     975    5.33939 9.132e-01   0.04655 1.143e-04    6.29922     9.438    0.913078    475
    1000    4.52923 9.110e-01   0.04129 1.136e-04    5.48167     9.340    0.910947    487
    1025    5.17842 9.089e-01   0.04021 1.079e-04    6.12764     6.444    0.908820    500
    1050    5.14560 9.068e-01   0.04351 1.034e-04    6.09599     8.562    0.906698    512
    1075    4.18711 9.047e-01   0.03993 1.012e-04    5.13181     6.194    0.904580    524
    1100    4.45604 9.026e-01   0.03800 9.777e-05    5.39669     7.442    0.902467    537
    1125    4.31882 9.004e-01   0.03476 9.232e-05    5.25412     6.571    0.900360    549
    1150    4.88457 8.983e-01   0.03473 8.408e-05    5.81772     7.694    0.898257    562
    1175    4.13119 8.962e-01   0.03263 7.760e-05    5.06014     7.696    0.896159    574
    1200    4.32199 8.941e-01   0.03288 7.052e-05    5.24910     8.354    0.894066    587
    1225    4.39748 8.921e-01   0.03412 6.421e-05    5.32372     7.735    0.891978    600
    1250    4.66308 8.900e-01   0.03354 5.785e-05    5.58667     7.879    0.889895    612
    1275    4.70081 8.879e-01   0.03342 5.256e-05    5.62219     7.337    0.887817    624
    1300    5.46339 8.858e-01   0.03689 4.665e-05    6.38616     7.934    0.885745    637
    1325    4.54540 8.838e-01   0.03102 4.350e-05    5.46022     8.236    0.883677    649
    1350    4.40494 8.817e-01   0.03197 3.930e-05    5.31865     7.246    0.881615    662
    1375    4.17072 8.796e-01   0.03276 3.717e-05    5.08316     7.769    0.879558    675
    1400    3.55606 8.776e-01   0.02939 3.323e-05    4.46307     7.205    0.877506    687
    1425    3.65235 8.755e-01   0.02819 3.230e-05    4.55612     7.147    0.875459    700
    1450    4.50762 8.735e-01   0.03141 3.071e-05    5.41256     7.484    0.873418    713
    1475    3.47649 8.715e-01   0.02794 2.803e-05    4.37592     9.176    0.871381    725
    1500    3.37779 8.694e-01   0.02989 2.599e-05    4.27714     6.705    0.869350    738
    1525    4.16739 8.674e-01   0.02571 2.652e-05    5.06053     6.987    0.867324    750
    1550    3.37819 8.654e-01   0.02239 2.475e-05    4.26599     7.016    0.865303    763
    1575    3.66883 8.634e-01   0.02872 2.319e-05    4.56094     7.946    0.863288    775
    1600    3.40539 8.614e-01   0.02589 2.153e-05    4.29266     5.869    0.861278    788
    1625    3.35911 8.594e-01   0.02618 2.166e-05    4.24466     5.773    0.859273    800
    1650    3.06137 8.574e-01   0.02290 2.167e-05    3.94165     6.560    0.857273    813
    1675    3.39308 8.554e-01   0.02300 2.025e-05    4.27146     8.086    0.855278    826
    1700    3.61720 8.534e-01   0.02636 1.870e-05    4.49694     8.581    0.853289    838
    1725    3.59605 8.514e-01   0.02398 1.881e-05    4.47144     6.925    0.851304    851
    1750    3.25182 8.494e-01   0.02213 1.752e-05    4.12337     6.446    0.849325    863
    1775    3.36133 8.474e-01   0.02528 1.752e-05    4.23406     7.070    0.847351    876
    1800    2.97801 8.455e-01   0.02306 1.792e-05    3.84655     5.863    0.845382    888
    1825    3.31041 8.435e-01   0.02332 1.682e-05    4.17724     8.400    0.843419    901
    1850    2.60209 8.415e-01   0.02126 1.701e-05    3.46491     7.488    0.841460    914
    1875    2.96451 8.396e-01   0.02166 1.567e-05    3.82577     7.168    0.839507    927
    1900    3.16948 8.376e-01   0.02013 1.627e-05    4.02726     6.213    0.837559    940
    1925    2.40002 8.357e-01   0.01819 1.428e-05    3.25392     7.046    0.835615    953
    1950    2.99701 8.338e-01   0.02055 1.387e-05    3.85133     8.896    0.833677    965
    1975    2.85873 8.318e-01   0.01939 1.486e-05    3.70995     6.579    0.831744    978
    2000    2.54546 8.299e-01   0.01828 1.331e-05    3.39365     7.309    0.829816    991
    2025    2.98264 8.280e-01   0.02038 1.402e-05    3.83100     7.707    0.827893   1003
    2050    2.90093 8.261e-01   0.01749 1.353e-05    3.74448     7.551    0.825975   1016
    2075    2.62337 8.241e-01   0.01882 1.364e-05    3.46635     6.946    0.824063   1029
    2100    2.97540 8.222e-01   0.01972 1.383e-05    3.81737     7.760    0.822154   1041
    2125    3.06960 8.203e-01   0.01853 1.527e-05    3.90848     6.824    0.820252   1054
    2150    2.98617 8.184e-01   0.01924 1.429e-05    3.82385     6.865    0.818354   1067
    2175    2.23514 8.165e-01   0.01591 1.198e-05    3.06759     6.772    0.816461   1080
    2200    2.56639 8.146e-01   0.01723 1.189e-05    3.39828     7.186    0.814572   1092
    2225    2.42730 8.128e-01   0.01357 1.147e-05    3.25364     7.530    0.812689   1105
    2250    2.74930 8.109e-01   0.01878 1.074e-05    3.57898     8.286    0.810811   1117
    2275    2.67686 8.090e-01   0.01657 1.310e-05    3.50245     7.044    0.808938   1130
    2300    2.27371 8.071e-01   0.01389 1.195e-05    3.09476     6.692    0.807069   1143
    2325    2.51325 8.053e-01   0.01515 1.159e-05    3.33369     7.394    0.805205   1156
    2350    2.61458 8.034e-01   0.01612 1.578e-05    3.43413     6.560    0.803346   1169
    2375    2.11849 8.016e-01   0.01198 1.124e-05    2.93205     5.615    0.801492   1181
    2400    2.20576 7.997e-01   0.01530 1.021e-05    3.02079     5.338    0.799643   1194
    2425    2.15028 7.979e-01   0.01290 1.182e-05    2.96107     6.208    0.797799   1206
    2450    2.28433 7.960e-01   0.01402 1.301e-05    3.09440     6.572    0.795959   1219
    2475    2.45819 7.942e-01   0.01634 9.559e-06    3.26874     5.563    0.794124   1232
    2499    2.30094 7.924e-01   0.01333 1.011e-05    3.10672     6.101    0.792367   1244
    [checkpoint 2500]  e@8 0.3131  e@368 1.6181  nRMSE@8 0.2490  nRMSE@368 1.9603

----------------------------------------------------------------------------------
  wall clock 0.35 h (0.499 s/iter)
  final: state 2.3009e+00  bound 7.9244e-01  contact 1.3333e-02  termination 1.0106e-05
  grad norm: mean 8.688  median 7.842  p99 23.709  max 45.722
  spikes (>5x trailing 50-median): 0
  collapse fit: d(log_delta)/d(iter) = -9.2965e-05 +- 3.00e-08   (lr 0.0001, rate/lr 0.93)
    exp(log_delta): 0.999900 -> 0.792367
    iterations implied to reach the checkpoint's -14.4629: 155,574
  state-loss slope over the final 250 iterations: -1.150e-03 per iter  (still falling)

  wrote results/step5_armA_seed3_m49h124.json
  weights in runs/armA_seed3_m49h124 (gitignored)
