==================================================================================
STEP 5 MAIN RUN -- armB_seed0_10k
==================================================================================
  arm B: state branch feeds back the TRUE next state (teacher forcing)
  auxiliary branch: teacher-forced in BOTH arms (system_dynamics.py:264)
  ensemble 1, batch 256, lr 0.0001, weight_decay 1e-05, 10000 iterations
  action alignment: causal, offset=1 (X-05)
  gradient clipping: NONE -- the reference has none in this path (5.7a)
  7687 training windows from episodes [0, 2, 3, 4, 5, 6, 7, 9]

    iter      state     bound   contact    termin      total    |grad| exp(logdel)      s
       0    7.25169 1.000e+00   0.68669 7.043e-01    9.64264     2.253    0.999900      1
      25    6.47766 9.975e-01   0.59033 2.818e-01    8.34725     1.721    0.997405     31
      50    6.23280 9.950e-01   0.39998 1.593e-02    7.64373     1.177    0.994918     61
      75    5.82731 9.925e-01   0.34701 5.102e-03    7.17197     1.155    0.992441     91
     100    4.95914 9.901e-01   0.30506 3.818e-03    6.25809     1.089    0.989975    121
     125    4.95069 9.876e-01   0.22771 3.664e-03    6.16968     1.187    0.987522    151
     150    3.75053 9.852e-01   0.14245 3.464e-03    4.88162     1.644    0.985086    182
     175    3.63912 9.828e-01   0.10173 2.772e-03    4.72640     1.352    0.982684    212
     200    3.48244 9.804e-01   0.08200 2.359e-03    4.54721     1.975    0.980311    242
     225    2.92472 9.780e-01   0.07346 1.747e-03    3.97797     1.297    0.977946    272
     250    2.90210 9.757e-01   0.07172 1.352e-03    3.95085     1.527    0.975583    302
     275    2.68057 9.733e-01   0.06990 1.138e-03    3.72493     1.558    0.973224    332
     300    2.69809 9.710e-01   0.07282 8.997e-04    3.74277     1.697    0.970868    362
     325    2.17424 9.686e-01   0.06300 7.794e-04    3.20663     2.405    0.968517    392
     350    1.83574 9.663e-01   0.05050 7.082e-04    2.85322     1.500    0.966171    422
     375    1.95379 9.639e-01   0.05610 6.012e-04    2.97441     2.017    0.963830    453
     400    1.61311 9.616e-01   0.05154 5.342e-04    2.62678     1.629    0.961495    483
     425    2.04748 9.593e-01   0.05975 4.866e-04    3.06697     3.517    0.959166    513
     450    1.80579 9.569e-01   0.05486 4.451e-04    2.81803     1.753    0.956843    543
     475    1.55844 9.546e-01   0.05259 4.044e-04    2.56605     2.434    0.954526    573
    [checkpoint 500]  e@8 0.3768  e@368 7.9410  nRMSE@8 0.4205  nRMSE@368 7.5595
     500    1.76345 9.523e-01   0.05367 3.731e-04    2.76980     2.325    0.952216    608
     525    1.33184 9.500e-01   0.04687 3.277e-04    2.32904     2.558    0.949912    638
     550    2.34863 9.477e-01   0.06243 2.813e-04    3.35905     1.518    0.947616    669
     575    1.69206 9.454e-01   0.05321 2.491e-04    2.69094     2.529    0.945326    699
     600    1.63169 9.431e-01   0.04588 2.186e-04    2.62092     2.833    0.943043    729
     625    1.49401 9.409e-01   0.04792 1.970e-04    2.48298     1.849    0.940766    760
     650    1.27421 9.386e-01   0.03923 1.775e-04    2.25220     1.538    0.938497    790
     675    1.55907 9.363e-01   0.04477 1.623e-04    2.54032     1.670    0.936234    820
     700    1.25942 9.341e-01   0.03650 1.501e-04    2.23014     3.278    0.933978    850
     725    1.44275 9.318e-01   0.03496 1.340e-04    2.40966     2.758    0.931729    882
     750    1.31950 9.296e-01   0.03831 1.177e-04    2.28750     2.190    0.929487    912
     775    1.50647 9.273e-01   0.04019 1.057e-04    2.47410     2.034    0.927252    942
     800    1.22008 9.251e-01   0.03240 9.793e-05    2.17768     1.903    0.925024    972
     825    1.58761 9.229e-01   0.03595 8.807e-05    2.54655     3.974    0.922802   1002
     850    1.19990 9.207e-01   0.03332 7.940e-05    2.15397     4.187    0.920588   1033
     875    1.22556 9.185e-01   0.03290 7.151e-05    2.17700     3.426    0.918380   1063
     900    1.08816 9.163e-01   0.02877 6.643e-05    2.03327     2.726    0.916179   1093
     925    1.02486 9.141e-01   0.02700 6.023e-05    1.96600     2.379    0.913985   1123
     950    1.10010 9.119e-01   0.02615 5.649e-05    2.03819     4.862    0.911798   1153
     975    0.87626 9.097e-01   0.02532 5.159e-05    1.81134     1.529    0.909617   1183
    1000    1.13689 9.075e-01   0.02768 5.004e-05    2.07215     3.044    0.907443   1213
    1025    0.95381 9.054e-01   0.02414 4.652e-05    1.88337     2.691    0.905276   1243
    1050    0.91533 9.032e-01   0.02203 4.266e-05    1.84061     3.067    0.903115   1273
    1075    1.04226 9.010e-01   0.02627 4.133e-05    1.96961     2.395    0.900961   1303
    1100    1.08569 8.989e-01   0.02483 3.885e-05    2.00946     1.610    0.898814   1333
    1125    1.07904 8.968e-01   0.02220 3.799e-05    1.99804     2.430    0.896673   1363
    1150    0.86230 8.946e-01   0.02141 3.458e-05    1.77837     2.021    0.894539   1394
    1175    1.13614 8.925e-01   0.02426 3.249e-05    2.05292     1.390    0.892412   1424
    1200    0.81520 8.904e-01   0.02022 3.138e-05    1.72582     2.967    0.890290   1454
    1225    0.97638 8.883e-01   0.02280 2.951e-05    1.88747     5.173    0.888176   1484
    1250    0.76172 8.862e-01   0.01899 2.853e-05    1.66689     4.431    0.886067   1514
    1275    0.72881 8.840e-01   0.01767 2.846e-05    1.63056     1.666    0.883965   1544
    1300    0.86392 8.820e-01   0.02054 2.503e-05    1.76644     3.729    0.881869   1575
    1325    0.84004 8.799e-01   0.01714 2.580e-05    1.73707     3.268    0.879780   1605
    1350    0.75641 8.778e-01   0.01914 2.533e-05    1.65336     3.031    0.877697   1635
    1375    0.74253 8.757e-01   0.01638 2.352e-05    1.63464     3.065    0.875620   1665
    1400    0.77285 8.736e-01   0.01738 2.279e-05    1.66389     2.370    0.873550   1695
    1425    0.74096 8.716e-01   0.01639 2.186e-05    1.62894     1.684    0.871485   1725
    1450    0.95500 8.695e-01   0.01815 2.113e-05    1.84268     1.322    0.869427   1755
    1475    0.77628 8.675e-01   0.01712 1.906e-05    1.66088     1.940    0.867375   1785
    1500    0.80261 8.654e-01   0.01707 1.734e-05    1.68510     3.503    0.865329   1815
    1525    0.84385 8.634e-01   0.01741 1.443e-05    1.72464     1.677    0.863289   1845
    1550    0.90623 8.613e-01   0.01847 1.366e-05    1.78605     2.712    0.861255   1875
    1575    0.62121 8.593e-01   0.01543 1.119e-05    1.49596     2.555    0.859227   1905
    1600    0.67552 8.573e-01   0.01260 1.010e-05    1.54542     1.552    0.857205   1936
    1625    0.60521 8.553e-01   0.01353 8.669e-06    1.47402     2.923    0.855188   1966
    1650    0.70632 8.533e-01   0.01539 7.671e-06    1.57498     2.615    0.853178   1996
    1675    0.52890 8.513e-01   0.01151 7.701e-06    1.39167     4.089    0.851174   2026
    1700    0.67046 8.493e-01   0.01112 7.068e-06    1.53084     1.397    0.849175   2056
    1725    0.60633 8.473e-01   0.01344 6.594e-06    1.46703     6.535    0.847182   2086
    1750    0.59266 8.453e-01   0.01159 6.532e-06    1.44953     1.585    0.845195   2116
    1775    0.59838 8.433e-01   0.01240 5.715e-06    1.45407     2.985    0.843214   2146
    1800    0.79542 8.413e-01   0.01477 6.177e-06    1.65152     5.246    0.841238   2176
    1825    0.67042 8.393e-01   0.01490 5.870e-06    1.52467     1.249    0.839268   2207
    1850    0.63341 8.374e-01   0.01320 5.429e-06    1.48399     1.413    0.837304   2236
    1875    0.57931 8.354e-01   0.01264 5.028e-06    1.42738     1.549    0.835345   2267
    1900    0.60506 8.335e-01   0.01079 5.094e-06    1.44932     3.447    0.833392   2297
    1925    0.63743 8.315e-01   0.01452 5.459e-06    1.48349     1.730    0.831444   2327
    1950    0.61826 8.296e-01   0.01135 4.841e-06    1.45919     2.518    0.829502   2357
    1975    0.52662 8.276e-01   0.01044 4.610e-06    1.36471     2.530    0.827565   2387
    2000    0.63044 8.257e-01   0.01115 8.782e-06    1.46731     3.213    0.825634   2417
    2025    0.55272 8.238e-01   0.00879 8.502e-06    1.38531     1.305    0.823709   2447
    2050    0.51392 8.219e-01   0.00958 4.503e-06    1.34537     1.426    0.821788   2477
    2075    0.50545 8.199e-01   0.01141 4.004e-06    1.33681     1.446    0.819873   2507
    2100    0.53094 8.180e-01   0.00900 7.365e-06    1.35799     2.921    0.817963   2538
    2125    0.59748 8.161e-01   0.01041 4.555e-06    1.42403     1.678    0.816059   2568
    2150    0.52795 8.142e-01   0.00983 6.944e-06    1.35202     3.804    0.814160   2598
    2175    0.44206 8.123e-01   0.00926 8.761e-06    1.26367     2.505    0.812266   2628
    2200    0.50301 8.105e-01   0.00904 3.624e-06    1.32251     2.383    0.810378   2658
    2225    0.56130 8.086e-01   0.00844 3.912e-06    1.37831     3.468    0.808494   2688
    2250    0.46705 8.067e-01   0.00964 3.662e-06    1.28338     2.439    0.806616   2719
    2275    0.48762 8.048e-01   0.00866 3.748e-06    1.30110     1.790    0.804743   2749
    2300    0.49836 8.029e-01   0.00846 4.289e-06    1.30977     1.788    0.802875   2779
    2325    0.49057 8.011e-01   0.00979 3.085e-06    1.30145     3.988    0.801012   2809
    2350    0.45047 7.992e-01   0.00806 7.286e-06    1.25777     1.722    0.799155   2839
    2375    0.50887 7.974e-01   0.00962 3.132e-06    1.31586     1.671    0.797302   2869
    2400    0.43241 7.955e-01   0.00838 6.777e-06    1.23633     2.143    0.795454   2900
    2425    0.54996 7.937e-01   0.00949 6.970e-06    1.35314     1.320    0.793612   2930
    2450    0.42332 7.918e-01   0.00633 2.971e-06    1.22150     3.079    0.791774   2960
    2475    0.42326 7.900e-01   0.00713 3.134e-06    1.22041     2.109    0.789941   2990
    [checkpoint 2500]  e@8 0.4073  e@368 4.4298  nRMSE@8 0.3342  nRMSE@368 5.1671
    2500    0.39947 7.882e-01   0.00661 2.853e-06    1.19427     4.561    0.788113   3025
    2525    0.49962 7.864e-01   0.00811 5.414e-06    1.29410     2.029    0.786290   3055
    2550    0.40082 7.845e-01   0.00589 4.702e-06    1.19126     2.902    0.784472   3086
    2575    0.48738 7.827e-01   0.00857 5.956e-06    1.27869     1.840    0.782659   3116
    2600    0.46550 7.809e-01   0.00666 3.727e-06    1.25309     3.651    0.780851   3146
    2625    0.55953 7.791e-01   0.01030 2.593e-06    1.34896     2.008    0.779047   3177
    2650    0.41690 7.773e-01   0.00676 2.645e-06    1.20098     2.482    0.777248   3207
    2675    0.42309 7.755e-01   0.00771 5.342e-06    1.20633     1.340    0.775454   3237
    2700    0.45188 7.737e-01   0.00687 2.646e-06    1.23249     2.215    0.773665   3267
    2725    0.50772 7.720e-01   0.00717 3.422e-06    1.28684     3.683    0.771881   3298
    2750    0.37997 7.702e-01   0.00745 2.629e-06    1.15760     3.832    0.770101   3328
    2775    0.33076 7.684e-01   0.00578 2.605e-06    1.10494     1.465    0.768325   3358
    2800    0.45739 7.666e-01   0.00680 2.566e-06    1.23082     1.532    0.766555   3388
    2825    0.35636 7.649e-01   0.00574 2.636e-06    1.12696     1.594    0.764789   3418
    2850    0.46206 7.631e-01   0.00686 3.229e-06    1.23203     5.114    0.763028   3448
    2875    0.43965 7.613e-01   0.00672 5.938e-06    1.20772     3.978    0.761271   3478
    2900    0.43706 7.596e-01   0.00640 2.616e-06    1.20306     2.791    0.759519   3508
    2925    0.44354 7.578e-01   0.00607 4.725e-06    1.20745     3.475    0.757771   3538
    2950    0.37485 7.561e-01   0.00534 2.358e-06    1.13630     3.127    0.756028   3568
    2975    0.38875 7.544e-01   0.00594 4.696e-06    1.14905     2.814    0.754289   3599
    3000    0.46652 7.526e-01   0.00655 5.204e-06    1.22570     2.283    0.752555   3629
    3025    0.39365 7.509e-01   0.00540 4.911e-06    1.14994     1.645    0.750826   3659
    3050    0.42205 7.492e-01   0.00564 4.472e-06    1.17686     2.290    0.749100   3690
    3075    0.39812 7.474e-01   0.00479 7.549e-06    1.15036     4.501    0.747379   3720
    3100    0.36228 7.457e-01   0.00515 2.355e-06    1.11316     1.130    0.745663   3750
    3125    0.36701 7.440e-01   0.00371 4.595e-06    1.11475     1.028    0.743951   3780
    3150    0.36091 7.423e-01   0.00541 2.955e-06    1.10863     2.006    0.742243   3810
    3175    0.38394 7.406e-01   0.00482 2.293e-06    1.12937     1.530    0.740540   3841
    3200    0.36585 7.389e-01   0.00516 2.384e-06    1.10992     3.037    0.738841   3871
    3225    0.33318 7.372e-01   0.00390 2.477e-06    1.07429     2.792    0.737146   3901
    3250    0.33957 7.355e-01   0.00477 2.353e-06    1.07986     2.792    0.735456   3931
    3275    0.35381 7.338e-01   0.00448 2.425e-06    1.09214     1.856    0.733770   3962
    3300    0.36686 7.322e-01   0.00426 4.347e-06    1.10328     3.143    0.732088   3992
    3325    0.33135 7.305e-01   0.00376 2.257e-06    1.06559     3.323    0.730411   4022
    3350    0.38829 7.288e-01   0.00518 3.958e-06    1.12227     1.574    0.728737   4052
    3375    0.32463 7.271e-01   0.00355 3.964e-06    1.05532     1.213    0.727068   4083
    3400    0.33536 7.255e-01   0.00376 2.261e-06    1.06459     1.544    0.725403   4113
    3425    0.35645 7.238e-01   0.00408 2.271e-06    1.08434     2.024    0.723742   4143
    3450    0.30170 7.222e-01   0.00240 4.302e-06    1.02626     1.860    0.722086   4173
    3475    0.32813 7.205e-01   0.00412 2.443e-06    1.05275     1.641    0.720433   4204
    3500    0.28804 7.189e-01   0.00275 2.313e-06    1.00965     2.012    0.718785   4234
    3525    0.34114 7.172e-01   0.00255 2.132e-06    1.06090     2.041    0.717140   4265
    3550    0.30166 7.156e-01   0.00373 2.145e-06    1.02096     2.985    0.715500   4294
    3575    0.31286 7.139e-01   0.00344 2.187e-06    1.03024     1.652    0.713864   4325
    3600    0.31022 7.123e-01   0.00483 2.084e-06    1.02735     1.917    0.712232   4355
    3625    0.34879 7.107e-01   0.00412 2.175e-06    1.06358     2.133    0.710604   4386
    3650    0.30797 7.090e-01   0.00283 2.170e-06    1.01985     2.561    0.708980   4416
    3675    0.32873 7.074e-01   0.00290 2.197e-06    1.03906     3.519    0.707360   4447
    3700    0.31201 7.058e-01   0.00296 2.193e-06    1.02078     3.007    0.705744   4478
    3725    0.27752 7.042e-01   0.00247 3.801e-06    0.98420     2.239    0.704132   4508
    3750    0.32961 7.026e-01   0.00299 2.102e-06    1.03519     3.475    0.702524   4538
    3775    0.31195 7.010e-01   0.00325 2.452e-06    1.01619     2.070    0.700920   4568
    3800    0.29499 6.994e-01   0.00273 2.022e-06    0.99711     6.584    0.699320   4597
    3825    0.32023 6.978e-01   0.00342 2.102e-06    1.02144     1.405    0.697724   4627
    3850    0.36323 6.962e-01   0.00404 2.114e-06    1.06347     1.260    0.696131   4656
    3875    0.34220 6.946e-01   0.00300 2.175e-06    1.03981     4.171    0.694543   4686
    3900    0.30029 6.930e-01   0.00265 2.073e-06    0.99597     1.833    0.692958   4715
    3925    0.29425 6.914e-01   0.00279 2.019e-06    0.98849     1.829    0.691378   4744
    3950    0.26068 6.899e-01   0.00215 1.973e-06    0.95269     1.497    0.689801   4773
    3975    0.25829 6.883e-01   0.00214 2.048e-06    0.94873     1.007    0.688228   4802
    4000    0.26434 6.867e-01   0.00280 2.051e-06    0.95387     1.537    0.686658   4831
    4025    0.28076 6.852e-01   0.00348 2.009e-06    0.96939     2.462    0.685093   4860
    4050    0.26580 6.836e-01   0.00266 1.971e-06    0.95205     3.830    0.683531   4888
    4075    0.25894 6.820e-01   0.00262 1.933e-06    0.94359     1.463    0.681974   4917
    4100    0.26238 6.805e-01   0.00248 1.936e-06    0.94535     3.548    0.680420   4946
    4125    0.26100 6.789e-01   0.00319 1.947e-06    0.94312     4.041    0.678869   4974
    4150    0.23667 6.774e-01   0.00241 1.938e-06    0.91647     0.929    0.677323   5002
    4175    0.28142 6.758e-01   0.00192 1.964e-06    0.95918     1.453    0.675780   5030
    4200    0.24571 6.743e-01   0.00248 3.696e-06    0.92250     1.011    0.674241   5058
    4225    0.28201 6.728e-01   0.00179 2.255e-06    0.95657     3.092    0.672705   5086
    4250    0.28256 6.712e-01   0.00258 1.900e-06    0.95638     1.395    0.671173   5113
    4275    0.26942 6.697e-01   0.00201 1.923e-06    0.94115     1.863    0.669646   5142
    4300    0.27160 6.682e-01   0.00249 1.882e-06    0.94227     2.751    0.668121   5169
    4325    0.26143 6.667e-01   0.00189 1.776e-06    0.92999     2.779    0.666600   5197
    4350    0.32143 6.651e-01   0.00256 1.791e-06    0.98913     3.750    0.665083   5224
    4375    0.29418 6.636e-01   0.00271 3.024e-06    0.96052     2.238    0.663570   5252
    4400    0.24311 6.621e-01   0.00192 1.820e-06    0.90715     2.649    0.662060   5279
    4425    0.24457 6.606e-01   0.00276 1.892e-06    0.90795     2.616    0.660554   5306
    4450    0.25516 6.591e-01   0.00261 3.322e-06    0.91688     2.624    0.659051   5334
    4475    0.23987 6.576e-01   0.00187 1.750e-06    0.89936     1.273    0.657552   5362
    4500    0.25717 6.561e-01   0.00161 1.808e-06    0.91490     1.727    0.656056   5389
    4525    0.23439 6.546e-01   0.00338 2.694e-06    0.89240     1.780    0.654564   5416
    4550    0.24824 6.531e-01   0.00195 1.705e-06    0.90332     1.412    0.653076   5443
    4575    0.28566 6.517e-01   0.00195 1.650e-06    0.93926     1.334    0.651591   5470
    4600    0.26114 6.502e-01   0.00207 1.609e-06    0.91338     2.182    0.650110   5497
    4625    0.23959 6.487e-01   0.00144 1.683e-06    0.88972     1.825    0.648632   5525
    4650    0.26785 6.472e-01   0.00266 1.657e-06    0.91773     2.855    0.647158   5552
    4675    0.26644 6.457e-01   0.00197 1.555e-06    0.91416     3.922    0.645687   5579
    4700    0.30644 6.443e-01   0.00154 2.120e-06    0.95226     2.699    0.644219   5607
    4725    0.27340 6.428e-01   0.00157 1.548e-06    0.91779     1.703    0.642755   5633
    4750    0.27353 6.414e-01   0.00183 1.533e-06    0.91672     1.794    0.641295   5661
    4775    0.23231 6.399e-01   0.00278 1.513e-06    0.87499     4.350    0.639838   5687
    4800    0.21410 6.384e-01   0.00222 2.843e-06    0.85476     1.119    0.638384   5714
    4825    0.21738 6.370e-01   0.00184 1.541e-06    0.85621     1.566    0.636934   5741
    4850    0.25719 6.355e-01   0.00167 1.526e-06    0.89441     3.220    0.635488   5768
    4875    0.22869 6.341e-01   0.00189 1.436e-06    0.86469     2.106    0.634044   5795
    4900    0.20430 6.327e-01   0.00178 1.486e-06    0.83873     5.150    0.632604   5821
    4925    0.25854 6.312e-01   0.00235 1.407e-06    0.89212     2.672    0.631168   5848
    4950    0.23509 6.298e-01   0.00205 1.472e-06    0.86694     2.182    0.629735   5875
    4975    0.24689 6.284e-01   0.00143 1.366e-06    0.87668     2.006    0.628305   5902
    [checkpoint 5000]  e@8 0.4872  e@368 10.6213  nRMSE@8 0.3607  nRMSE@368 9.0967
    5000    0.25749 6.269e-01   0.00124 1.366e-06    0.88567     1.353    0.626878   5933
    5025    0.24317 6.255e-01   0.00134 1.382e-06    0.87002     1.502    0.625455   5960
    5050    0.26124 6.241e-01   0.00302 1.324e-06    0.88835     1.914    0.624035   5986
    5075    0.24493 6.227e-01   0.00205 1.435e-06    0.86966     3.596    0.622619   6013
    5100    0.21976 6.213e-01   0.00218 1.398e-06    0.84320     3.169    0.621206   6040
    5125    0.21246 6.199e-01   0.00160 1.427e-06    0.83392     1.422    0.619796   6066
    5150    0.21419 6.184e-01   0.00162 1.499e-06    0.83426     0.976    0.618389   6093
    5175    0.26464 6.170e-01   0.00135 1.288e-06    0.88303     1.397    0.616986   6120
    5200    0.23937 6.156e-01   0.00160 1.280e-06    0.85662     3.874    0.615586   6146
    5225    0.22151 6.142e-01   0.00166 1.278e-06    0.83742     1.564    0.614189   6172
    5250    0.26098 6.129e-01   0.00145 1.431e-06    0.87528     5.237    0.612795   6199
    5275    0.18735 6.115e-01   0.00152 2.161e-06    0.80033     3.723    0.611405   6226
    5300    0.20654 6.101e-01   0.00323 1.206e-06    0.81985     1.678    0.610019   6253
    5325    0.22603 6.087e-01   0.00165 1.798e-06    0.83638     1.290    0.608635   6280
    5350    0.23851 6.073e-01   0.00217 1.215e-06    0.84799     1.538    0.607254   6306
    5375    0.19340 6.059e-01   0.00207 1.249e-06    0.80141     2.036    0.605877   6333
    5400    0.25707 6.046e-01   0.00286 1.195e-06    0.86449     2.353    0.604502   6359
    5425    0.21464 6.032e-01   0.00237 1.240e-06    0.82020     1.195    0.603131   6386
    5450    0.18778 6.018e-01   0.00204 1.215e-06    0.79164     2.608    0.601763   6412
    5475    0.20460 6.005e-01   0.00165 1.162e-06    0.80671     2.103    0.600398   6439
    5500    0.22761 5.991e-01   0.00182 1.196e-06    0.82852     1.240    0.599037   6465
    5525    0.18703 5.977e-01   0.00139 1.131e-06    0.78615     1.181    0.597679   6492
    5550    0.22285 5.964e-01   0.00113 1.182e-06    0.82036     2.097    0.596325   6519
    5575    0.23915 5.950e-01   0.00151 1.865e-06    0.83570     5.124    0.594973   6545
    5600    0.23572 5.937e-01   0.00136 1.667e-06    0.83076     1.265    0.593624   6572
    5625    0.22332 5.923e-01   0.00176 1.120e-06    0.81741     2.358    0.592278   6599
    5650    0.19758 5.910e-01   0.00118 1.162e-06    0.78975     1.508    0.590936   6625
    5675    0.21259 5.896e-01   0.00095 1.167e-06    0.80319     1.004    0.589596   6652
    5700    0.21785 5.883e-01   0.00088 2.355e-06    0.80705     1.071    0.588260   6678
    5725    0.20072 5.870e-01   0.00129 1.108e-06    0.78899     2.839    0.586926   6705
    5750    0.19356 5.856e-01   0.00144 1.340e-06    0.78064     1.706    0.585596   6732
    5775    0.18460 5.843e-01   0.00136 1.780e-06    0.77028     3.184    0.584268   6758
    5800    0.19442 5.830e-01   0.00154 1.517e-06    0.77896     1.800    0.582944   6785
    5825    0.22022 5.817e-01   0.00118 1.143e-06    0.80308     1.542    0.581622   6812
    5850    0.18528 5.804e-01   0.00168 1.751e-06    0.76732     1.597    0.580305   6838
    5875    0.21286 5.790e-01   0.00152 1.085e-06    0.79343     3.269    0.578990   6865
    5900    0.20405 5.777e-01   0.00165 1.122e-06    0.78343     1.565    0.577678   6892
    5925    0.19200 5.764e-01   0.00119 1.104e-06    0.76961     1.938    0.576370   6918
    5950    0.20603 5.751e-01   0.00099 1.133e-06    0.78214     1.250    0.575064   6945
    5975    0.20237 5.738e-01   0.00134 1.126e-06    0.77753     1.551    0.573761   6972
    6000    0.18501 5.725e-01   0.00147 1.149e-06    0.75899     1.003    0.572461   6998
    6025    0.21520 5.712e-01   0.00151 1.834e-06    0.78794     2.688    0.571165   7025
    6050    0.22069 5.699e-01   0.00123 1.206e-06    0.79184     2.038    0.569871   7052
    6075    0.23429 5.686e-01   0.00163 1.239e-06    0.80455     1.749    0.568580   7079
    6100    0.21499 5.673e-01   0.00160 1.955e-06    0.78394     1.186    0.567292   7106
    6125    0.20248 5.661e-01   0.00117 1.117e-06    0.76970     1.722    0.566007   7133
    6150    0.18454 5.648e-01   0.00132 1.005e-06    0.75064     2.108    0.564724   7160
    6175    0.19645 5.635e-01   0.00182 1.865e-06    0.76177     1.504    0.563445   7187
    6200    0.19712 5.622e-01   0.00113 1.029e-06    0.76047     4.421    0.562169   7214
    6225    0.20597 5.609e-01   0.00132 1.036e-06    0.76824     1.764    0.560895   7241
    6250    0.20639 5.597e-01   0.00113 4.080e-06    0.76719     1.475    0.559624   7267
    6275    0.18076 5.584e-01   0.00090 1.008e-06    0.74007     1.241    0.558357   7294
    6300    0.17040 5.571e-01   0.00123 9.457e-07    0.72877     1.572    0.557092   7321
    6325    0.15185 5.559e-01   0.00147 9.739e-07    0.70920     2.506    0.555830   7348
    6350    0.19367 5.546e-01   0.00122 9.966e-07    0.74951     2.177    0.554572   7375
    6375    0.18982 5.534e-01   0.00082 1.388e-06    0.74401     0.945    0.553316   7402
    6400    0.19200 5.521e-01   0.00185 1.050e-06    0.74596     1.755    0.552064   7429
    6425    0.14903 5.509e-01   0.00101 1.030e-06    0.70091     1.069    0.550814   7456
    6450    0.16503 5.496e-01   0.00105 9.864e-07    0.71570     2.122    0.549567   7483
    6475    0.17393 5.484e-01   0.00121 9.652e-07    0.72352     2.215    0.548323   7510
    6500    0.19132 5.471e-01   0.00157 1.603e-06    0.74002     2.635    0.547081   7537
    6525    0.17180 5.459e-01   0.00140 9.963e-07    0.71909     2.307    0.545843   7564
    6550    0.17733 5.447e-01   0.00096 9.994e-07    0.72294     1.285    0.544607   7591
    6575    0.20062 5.434e-01   0.00102 1.019e-06    0.74506     2.601    0.543374   7618
    6600    0.18379 5.422e-01   0.00180 9.935e-07    0.72778     1.868    0.542144   7645
    6625    0.20324 5.410e-01   0.00110 1.670e-06    0.74530     2.618    0.540917   7672
    6650    0.17696 5.397e-01   0.00073 9.196e-07    0.71744     0.867    0.539692   7699
    6675    0.16137 5.385e-01   0.00086 8.906e-07    0.70075     1.799    0.538470   7726
    6700    0.16840 5.373e-01   0.00097 9.501e-07    0.70667     2.456    0.537251   7753
    6725    0.18449 5.361e-01   0.00104 9.710e-07    0.72162     1.701    0.536035   7779
    6750    0.20326 5.349e-01   0.00082 1.719e-06    0.73895     1.214    0.534821   7806
    6775    0.15161 5.337e-01   0.00125 1.403e-06    0.68652     1.448    0.533611   7833
    6800    0.16446 5.325e-01   0.00092 1.954e-06    0.69783     2.487    0.532403   7860
    6825    0.14478 5.312e-01   0.00125 9.327e-07    0.67727     1.475    0.531197   7887
    6850    0.15364 5.300e-01   0.00073 9.144e-07    0.68441     1.794    0.529995   7914
    6875    0.14583 5.288e-01   0.00070 9.174e-07    0.67537     2.426    0.528795   7941
    6900    0.14764 5.276e-01   0.00061 9.138e-07    0.67589     2.021    0.527598   7967
    6925    0.15582 5.265e-01   0.00093 8.573e-07    0.68321     1.099    0.526403   7994
    6950    0.17295 5.253e-01   0.00070 9.581e-07    0.69890     1.816    0.525212   8021
    6975    0.18225 5.241e-01   0.00131 9.641e-07    0.70763     1.917    0.524023   8048
    7000    0.18437 5.229e-01   0.00125 9.064e-07    0.70850     2.742    0.522836   8075
    7025    0.18436 5.217e-01   0.00079 8.815e-07    0.70686     1.824    0.521653   8102
    7050    0.17142 5.205e-01   0.00088 9.221e-07    0.69282     1.668    0.520472   8129
    7075    0.17426 5.193e-01   0.00089 1.247e-06    0.69449     1.935    0.519293   8155
    7100    0.16791 5.182e-01   0.00074 1.217e-06    0.68681     2.961    0.518118   8182
    7125    0.16815 5.170e-01   0.00107 8.998e-07    0.68621     3.115    0.516946   8209
    7150    0.16832 5.158e-01   0.00123 8.991e-07    0.68538     1.702    0.515776   8236
    7175    0.16634 5.147e-01   0.00147 9.005e-07    0.68247     2.120    0.514610   8263
    7200    0.16574 5.135e-01   0.00150 9.369e-07    0.68074     1.708    0.513445   8289
    7225    0.16882 5.123e-01   0.00097 9.345e-07    0.68212     1.547    0.512284   8316
    7250    0.16076 5.112e-01   0.00098 8.946e-07    0.67291     1.711    0.511125   8343
    7275    0.17155 5.100e-01   0.00115 1.240e-06    0.68272     1.596    0.509968   8369
    7300    0.17089 5.089e-01   0.00119 1.201e-06    0.68094     1.407    0.508815   8396
    7325    0.15930 5.077e-01   0.00089 1.331e-06    0.66790     1.078    0.507663   8423
    7350    0.17532 5.066e-01   0.00074 9.087e-07    0.68262     0.906    0.506515   8450
    7375    0.13028 5.054e-01   0.00064 8.589e-07    0.63634     1.373    0.505369   8476
    7400    0.16312 5.043e-01   0.00098 1.179e-06    0.66838     1.518    0.504225   8503
    7425    0.16363 5.031e-01   0.00084 1.658e-06    0.66760     1.692    0.503085   8530
    7450    0.14640 5.020e-01   0.00070 8.565e-07    0.64910     1.929    0.501947   8557
    7475    0.15163 5.009e-01   0.00097 9.076e-07    0.65345     1.641    0.500811   8584
    [checkpoint 7500]  e@8 0.5096  e@368 4.2094  nRMSE@8 0.3538  nRMSE@368 3.6697
    7500    0.13898 4.997e-01   0.00072 8.565e-07    0.63942     1.838    0.499678   8615
    7525    0.15310 4.986e-01   0.00146 8.905e-07    0.65315     1.815    0.498547   8642
    7550    0.15311 4.975e-01   0.00079 1.082e-06    0.65136     1.502    0.497420   8669
    7575    0.15896 4.963e-01   0.00119 8.499e-07    0.65649     1.819    0.496294   8696
    7600    0.13649 4.952e-01   0.00127 1.969e-06    0.63297     2.188    0.495171   8723
    7625    0.17279 4.941e-01   0.00153 8.491e-07    0.66842     1.500    0.494051   8750
    7650    0.14242 4.930e-01   0.00068 8.751e-07    0.63608     1.545    0.492933   8776
    7675    0.17152 4.919e-01   0.00059 1.325e-06    0.66398     1.799    0.491818   8803
    7700    0.14145 4.908e-01   0.00111 1.081e-06    0.63331     1.783    0.490705   8830
    7725    0.14952 4.896e-01   0.00065 8.058e-07    0.63981     1.622    0.489595   8857
    7750    0.15790 4.885e-01   0.00066 8.319e-07    0.64709     2.005    0.488488   8884
    7775    0.16370 4.874e-01   0.00097 8.644e-07    0.65211     4.083    0.487382   8911
    7800    0.13733 4.863e-01   0.00042 8.509e-07    0.62407     1.331    0.486280   8938
    7825    0.15682 4.852e-01   0.00104 7.876e-07    0.64309     3.323    0.485180   8965
    7850    0.14083 4.841e-01   0.00110 8.330e-07    0.62606     1.436    0.484082   8992
    7875    0.13604 4.830e-01   0.00109 1.215e-06    0.62016     2.092    0.482987   9019
    7900    0.16398 4.819e-01   0.00091 1.504e-06    0.64683     2.970    0.481894   9046
    7925    0.14891 4.808e-01   0.00201 7.863e-07    0.63177     3.036    0.480804   9072
    7950    0.13690 4.798e-01   0.00104 8.673e-07    0.61770     1.832    0.479716   9099
    7975    0.13033 4.787e-01   0.00114 8.005e-07    0.61014     3.264    0.478631   9126
    8000    0.17544 4.776e-01   0.00098 8.519e-07    0.65401     3.482    0.477548   9154
    8025    0.15980 4.765e-01   0.00082 8.217e-07    0.63713     2.249    0.476467   9180
    8050    0.14958 4.754e-01   0.00088 9.031e-07    0.62589     0.851    0.475389   9207
    8075    0.14263 4.744e-01   0.00061 8.435e-07    0.61760     2.044    0.474314   9234
    8100    0.14670 4.733e-01   0.00067 8.575e-07    0.62066     1.864    0.473241   9262
    8125    0.12930 4.722e-01   0.00078 8.792e-07    0.60229     1.098    0.472170   9288
    8150    0.15234 4.711e-01   0.00045 8.984e-07    0.62393     2.496    0.471102   9315
    8175    0.13085 4.701e-01   0.00074 1.312e-06    0.60167     1.970    0.470036   9342
    8200    0.15082 4.690e-01   0.00079 8.455e-07    0.62062     1.459    0.468973   9369
    8225    0.14922 4.680e-01   0.00081 8.544e-07    0.61799     1.073    0.467912   9396
    8250    0.14186 4.669e-01   0.00119 8.441e-07    0.60994     2.371    0.466853   9423
    8275    0.13118 4.658e-01   0.00114 8.194e-07    0.59816     1.319    0.465797   9450
    8300    0.13915 4.648e-01   0.00115 8.194e-07    0.60509     3.303    0.464743   9476
    8325    0.14249 4.637e-01   0.00078 8.339e-07    0.60700     1.268    0.463692   9504
    8350    0.16585 4.627e-01   0.00199 1.577e-06    0.63053     3.865    0.462642   9531
    8375    0.13573 4.616e-01   0.00077 2.170e-06    0.59814     2.259    0.461596   9558
    8400    0.14415 4.606e-01   0.00110 9.595e-07    0.60584     1.727    0.460551   9585
    8425    0.13727 4.596e-01   0.00080 7.798e-07    0.59762     1.320    0.459510   9612
    8450    0.13810 4.585e-01   0.00044 7.800e-07    0.59705     1.121    0.458470   9639
    8475    0.13514 4.575e-01   0.00072 8.215e-07    0.59334     1.240    0.457433   9666
    8500    0.15268 4.564e-01   0.00065 8.150e-07    0.60977     1.645    0.456398   9694
    8525    0.14037 4.554e-01   0.00063 1.149e-06    0.59641     2.049    0.455365   9721
    8550    0.13798 4.544e-01   0.00057 7.748e-07    0.59293     2.445    0.454335   9748
    8575    0.14127 4.533e-01   0.00108 8.027e-07    0.59570     1.594    0.453307   9776
    8600    0.11976 4.523e-01   0.00064 1.251e-06    0.57272     1.273    0.452282   9804
    8625    0.15109 4.513e-01   0.00080 7.281e-07    0.60319     2.879    0.451258   9831
    8650    0.12686 4.503e-01   0.00042 1.273e-06    0.57756     1.204    0.450237   9858
    8675    0.15137 4.493e-01   0.00058 8.197e-07    0.60121     1.475    0.449219   9886
    8700    0.12363 4.482e-01   0.00054 8.508e-07    0.57242     1.446    0.448202   9913
    8725    0.13174 4.472e-01   0.00105 7.782e-07    0.58002     1.041    0.447188   9941
    8750    0.13019 4.462e-01   0.00079 7.890e-07    0.57721     3.134    0.446177   9969
    8775    0.14810 4.452e-01   0.00099 7.804e-07    0.59430     2.840    0.445167   9997
    8800    0.14578 4.442e-01   0.00044 7.962e-07    0.59042     3.465    0.444160  10024
    8825    0.14355 4.432e-01   0.00042 1.157e-06    0.58716     2.113    0.443155  10052
    8850    0.15815 4.422e-01   0.00056 1.073e-06    0.60090     2.773    0.442153  10080
    8875    0.12741 4.412e-01   0.00063 7.503e-07    0.56923     1.375    0.441152  10107
    8900    0.12664 4.402e-01   0.00042 8.530e-07    0.56726     1.366    0.440154  10135
    8925    0.14517 4.392e-01   0.00116 7.575e-07    0.58553     1.680    0.439158  10163
    8950    0.14723 4.382e-01   0.00234 8.348e-07    0.58777     1.532    0.438165  10191
    8975    0.13744 4.372e-01   0.00055 8.155e-07    0.57520     1.249    0.437174  10219
    9000    0.13265 4.362e-01   0.00049 8.072e-07    0.56936     1.451    0.436184  10247
    9025    0.12902 4.352e-01   0.00071 1.318e-06    0.56497     1.364    0.435198  10275
    9050    0.12836 4.343e-01   0.00039 8.176e-07    0.56300     1.695    0.434213  10303
    9075    0.14749 4.333e-01   0.00055 7.637e-07    0.58131     2.607    0.433231  10331
    9100    0.11058 4.323e-01   0.00057 8.051e-07    0.54344     1.971    0.432250  10359
    9125    0.14702 4.313e-01   0.00074 1.691e-06    0.57908     1.690    0.431273  10387
    9150    0.14302 4.303e-01   0.00086 7.756e-07    0.57422     3.872    0.430298  10414
    9175    0.13137 4.294e-01   0.00046 7.406e-07    0.56119     2.435    0.429325  10442
    9200    0.12007 4.284e-01   0.00211 7.737e-07    0.55057     1.037    0.428354  10470
    9225    0.12684 4.274e-01   0.00069 1.341e-06    0.55495     1.229    0.427386  10497
    9250    0.16792 4.265e-01   0.00144 8.073e-07    0.59581     1.786    0.426419  10525
    9275    0.12530 4.255e-01   0.00182 1.301e-06    0.55262     1.150    0.425455  10553
    9300    0.15043 4.245e-01   0.00066 7.782e-07    0.57562     1.859    0.424493  10580
    9325    0.11763 4.236e-01   0.00044 7.602e-07    0.54164     1.244    0.423534  10608
    9350    0.13603 4.226e-01   0.00073 7.906e-07    0.55937     1.371    0.422576  10636
    9375    0.13106 4.217e-01   0.00031 8.077e-07    0.55304     2.336    0.421621  10663
    9400    0.14219 4.207e-01   0.00043 7.549e-07    0.56332     1.788    0.420667  10691
    9425    0.13120 4.198e-01   0.00048 7.853e-07    0.55144     3.120    0.419716  10719
    9450    0.10648 4.188e-01   0.00045 7.858e-07    0.52574     0.985    0.418767  10746
    9475    0.12182 4.179e-01   0.00069 8.110e-07    0.54037     1.765    0.417821  10774
    9500    0.14284 4.169e-01   0.00093 8.181e-07    0.56069     1.575    0.416876  10801
    9525    0.12625 4.160e-01   0.00050 7.826e-07    0.54273     1.396    0.415933  10829
    9550    0.12875 4.150e-01   0.00074 1.437e-06    0.54453     1.282    0.414993  10857
    9575    0.12313 4.141e-01   0.00045 7.199e-07    0.53767     1.276    0.414055  10884
    9600    0.13019 4.132e-01   0.00070 8.715e-07    0.54405     1.675    0.413119  10912
    9625    0.11293 4.122e-01   0.00057 1.418e-06    0.52572     1.139    0.412185  10940
    9650    0.11959 4.113e-01   0.00046 1.055e-06    0.53134     1.551    0.411253  10968
    9675    0.11847 4.104e-01   0.00097 1.330e-06    0.52980     1.661    0.410323  10996
    9700    0.12511 4.094e-01   0.00050 7.572e-07    0.53504     2.247    0.409395  11023
    9725    0.12644 4.085e-01   0.00052 8.013e-07    0.53547     1.540    0.408469  11051
    9750    0.12946 4.076e-01   0.00046 7.370e-07    0.53750     1.495    0.407546  11079
    9775    0.12428 4.067e-01   0.00065 7.534e-07    0.53159     1.239    0.406625  11107
    9800    0.14783 4.057e-01   0.00042 7.235e-07    0.55399     3.577    0.405705  11134
    9825    0.11025 4.048e-01   0.00038 7.963e-07    0.51546     3.695    0.404788  11162
    9850    0.12487 4.039e-01   0.00047 7.675e-07    0.52925     1.843    0.403873  11190
    9875    0.13026 4.030e-01   0.00057 7.982e-07    0.53383     1.025    0.402960  11218
    9900    0.12333 4.021e-01   0.00075 1.166e-06    0.52617     1.325    0.402049  11245
    9925    0.11596 4.012e-01   0.00100 7.694e-07    0.51814     2.023    0.401140  11273
    9950    0.11356 4.003e-01   0.00193 7.997e-07    0.51577     2.143    0.400233  11301
    9975    0.13314 3.994e-01   0.00085 8.099e-07    0.53335     2.525    0.399328  11328
    9999    0.10830 3.985e-01   0.00087 8.133e-07    0.50766     1.345    0.398461  11355
    [checkpoint 10000]  e@8 0.5144  e@368 2.9396  nRMSE@8 0.3577  nRMSE@368 2.6151

----------------------------------------------------------------------------------
  wall clock 3.16 h (1.136 s/iter)
  final: state 1.0830e-01  bound 3.9850e-01  contact 8.7061e-04  termination 8.1334e-07
  grad norm: mean 2.175  median 1.937  p99 5.314  max 9.837
  spikes (>5x trailing 50-median): 0
  collapse fit: d(log_delta)/d(iter) = -9.1537e-05 +- 3.65e-08   (lr 0.0001, rate/lr 0.92)
    exp(log_delta): 0.999900 -> 0.398461
    iterations implied to reach the checkpoint's -14.4629: 158,001
  state-loss slope over the final 250 iterations: -1.841e-06 per iter  (still falling)

  wrote results/step5_armB_seed0_10k.json
  weights in runs/armB_seed0_10k (gitignored)
