==================================================================================
STEP 5 MAIN RUN -- armA_seed1_10k
==================================================================================
  arm A: state branch feeds back its own SAMPLE (autoregressive, faithful)
  auxiliary branch: teacher-forced in BOTH arms (system_dynamics.py:264)
  ensemble 1, batch 256, lr 0.0001, weight_decay 1e-05, 10000 iterations
  action alignment: causal, offset=1 (X-05)
  gradient clipping: NONE -- the reference has none in this path (5.7a)
  7687 training windows from episodes [0, 2, 3, 4, 5, 6, 7, 9]

    iter      state     bound   contact    termin      total    |grad| exp(logdel)      s
       0   45.97401 1.000e+00   0.69361 6.640e-01   48.33162    49.161    0.999900      2
      25   36.68852 9.975e-01   0.60264 2.784e-01   38.56713    23.161    0.997422     40
      50   25.37365 9.950e-01   0.39124 1.246e-02   26.77240    19.082    0.994949     76
      75   19.15365 9.926e-01   0.35271 4.053e-03   20.50299    16.271    0.992488    115
     100   17.45726 9.901e-01   0.33129 2.946e-03   18.78164    13.562    0.990048    145
     125   16.29738 9.877e-01   0.28479 2.490e-03   17.57239    15.889    0.987627    173
     150   12.81592 9.853e-01   0.19763 2.296e-03   14.00118    12.724    0.985235    199
     175   11.49175 9.830e-01   0.12416 2.247e-03   12.60116    11.075    0.982918    226
     200   10.39648 9.808e-01   0.08902 2.026e-03   11.46831    15.451    0.980697    253
     225    9.80863 9.786e-01   0.07335 1.631e-03   10.86223    13.857    0.978521    279
     250    8.72591 9.764e-01   0.07002 1.240e-03    9.77360    15.251    0.976343    307
     275    8.98360 9.742e-01   0.06654 9.765e-04   10.02536    12.066    0.974153    333
     300    7.67018 9.720e-01   0.05718 8.005e-04    8.70020    18.088    0.971952    364
     325    8.22948 9.698e-01   0.05815 6.776e-04    9.25814    12.509    0.969743    397
     350    8.56932 9.676e-01   0.06816 5.625e-04    9.60566    12.111    0.967527    428
     375    6.68411 9.654e-01   0.05540 4.824e-04    7.70539    14.059    0.965306    455
     400    6.90176 9.632e-01   0.05110 4.372e-04    7.91647    12.374    0.963083    483
     425    5.30719 9.609e-01   0.04606 3.876e-04    6.31458     9.388    0.960857    509
     450    5.26373 9.587e-01   0.04811 3.540e-04    6.27091    10.294    0.958630    536
     475    5.23153 9.565e-01   0.04494 3.254e-04    6.23329    10.063    0.956402    563
    [checkpoint 500]  e@8 0.3905  e@368 1.7735  nRMSE@8 0.3303  nRMSE@368 1.8467
     500    5.81113 9.543e-01   0.04992 2.987e-04    6.81562    11.466    0.954176    595
     525    5.45782 9.520e-01   0.05192 2.663e-04    6.46205    14.379    0.951951    622
     550    5.52699 9.498e-01   0.04199 2.625e-04    6.51906    10.538    0.949727    650
     575    7.18576 9.476e-01   0.04795 2.498e-04    8.18156    10.760    0.947505    678
     600    5.66925 9.454e-01   0.04567 2.337e-04    6.66052    12.950    0.945286    707
     625    4.77611 9.432e-01   0.03910 2.324e-04    5.75860     9.267    0.943071    740
     650    3.82407 9.409e-01   0.03581 2.145e-04    4.80104    10.686    0.940858    773
     675    4.24076 9.387e-01   0.03556 2.005e-04    5.21526    12.704    0.938649    814
     700    4.40561 9.365e-01   0.03295 1.920e-04    5.37529    10.904    0.936444    854
     725    4.55576 9.343e-01   0.03227 1.787e-04    5.52254     9.638    0.934243    886
     750    3.81007 9.321e-01   0.03156 1.625e-04    4.77393    10.320    0.932046    917
     775    3.98958 9.299e-01   0.02906 1.543e-04    4.94873     9.605    0.929853    948
     800    5.39832 9.278e-01   0.03403 1.449e-04    6.36025    16.698    0.927665    980
     825    4.76487 9.256e-01   0.03078 1.328e-04    5.72135    11.582    0.925482   1009
     850    3.43149 9.234e-01   0.02651 1.245e-04    4.38152    14.278    0.923303   1040
     875    3.58078 9.212e-01   0.02738 1.206e-04    4.52950    15.658    0.921130   1069
     900    3.04816 9.190e-01   0.02423 1.162e-04    3.99156    10.750    0.918961   1099
     925    3.31898 9.169e-01   0.02784 1.101e-04    4.26382    10.732    0.916797   1129
     950    3.00874 9.147e-01   0.02443 1.044e-04    3.94799     9.270    0.914639   1159
     975    3.45597 9.126e-01   0.02584 9.898e-05    4.39449    10.298    0.912486   1189
    1000    3.15020 9.104e-01   0.02222 9.829e-05    4.08294    10.583    0.910338   1219
    1025    3.67440 9.083e-01   0.02656 9.217e-05    4.60933     9.976    0.908195   1249
    1050    3.27818 9.061e-01   0.02292 9.142e-05    4.20733     9.163    0.906058   1279
    1075    3.88344 9.040e-01   0.02689 8.249e-05    4.81441    11.551    0.903926   1309
    1100    2.42634 9.019e-01   0.02003 8.361e-05    3.34834    10.629    0.901800   1338
    1125    2.77666 8.998e-01   0.02319 7.538e-05    3.69969    10.701    0.899679   1367
    1150    3.39745 8.976e-01   0.02387 8.163e-05    4.31905    11.286    0.897564   1397
    1175    2.84922 8.955e-01   0.02071 7.415e-05    3.76554    11.948    0.895454   1427
    1200    3.22398 8.934e-01   0.02085 7.416e-05    4.13834    10.462    0.893349   1457
    1225    2.92862 8.913e-01   0.01999 6.797e-05    3.84001    11.743    0.891250   1487
    1250    3.20774 8.892e-01   0.02197 6.525e-05    4.11902    11.212    0.889157   1517
    1275    2.73092 8.872e-01   0.01876 6.523e-05    3.63690    10.086    0.887069   1547
    1300    2.48956 8.851e-01   0.01851 6.486e-05    3.39320    10.107    0.884987   1576
    1325    2.92904 8.830e-01   0.01905 6.259e-05    3.83114    10.979    0.882910   1606
    1350    2.10535 8.809e-01   0.01495 6.784e-05    3.00128    11.018    0.880839   1635
    1375    2.50886 8.789e-01   0.01445 5.995e-05    3.40223    11.241    0.878774   1665
    1400    2.31121 8.768e-01   0.01685 5.408e-05    3.20491     9.608    0.876714   1695
    1425    2.42584 8.747e-01   0.01558 6.007e-05    3.31622    10.003    0.874659   1724
    1450    2.17885 8.727e-01   0.01366 5.429e-05    3.06526    10.504    0.872610   1754
    1475    2.38574 8.706e-01   0.01606 5.223e-05    3.27250     9.478    0.870567   1788
    1500    1.76806 8.686e-01   0.01262 5.111e-05    2.64934     9.922    0.868529   1822
    1525    2.79065 8.666e-01   0.01749 5.298e-05    3.67477    11.657    0.866496   1854
    1550    2.35922 8.646e-01   0.01596 4.972e-05    3.23978     9.882    0.864470   1885
    1575    2.28095 8.625e-01   0.01595 5.007e-05    3.15948     9.540    0.862448   1915
    1600    2.18331 8.605e-01   0.01412 5.728e-05    3.05800     9.614    0.860432   1946
    1625    2.06773 8.585e-01   0.01209 4.142e-05    2.93836    15.904    0.858422   1976
    1650    2.60952 8.565e-01   0.01582 4.261e-05    3.48188    13.766    0.856417   2007
    1675    2.26316 8.545e-01   0.01492 3.999e-05    3.13262     9.434    0.854417   2038
    1700    1.89435 8.525e-01   0.01132 3.652e-05    2.75821     9.749    0.852423   2069
    1725    1.91695 8.505e-01   0.01087 3.533e-05    2.77837    11.753    0.850434   2100
    1750    2.18514 8.485e-01   0.01342 3.398e-05    3.04713     8.245    0.848451   2131
    1775    2.21508 8.466e-01   0.01477 3.461e-05    3.07644    10.120    0.846473   2162
    1800    1.90317 8.446e-01   0.01374 3.023e-05    2.76152     7.899    0.844500   2193
    1825    1.98274 8.426e-01   0.01190 3.897e-05    2.83729     9.092    0.842533   2224
    1850    1.99024 8.406e-01   0.01264 4.343e-05    2.84357    10.105    0.840571   2255
    1875    1.72823 8.387e-01   0.01025 2.827e-05    2.57720     8.341    0.838614   2286
    1900    1.74269 8.367e-01   0.01240 2.527e-05    2.59186    10.254    0.836663   2319
    1925    1.47546 8.348e-01   0.01021 2.406e-05    2.32049     8.775    0.834717   2359
    1950    1.81657 8.329e-01   0.01187 2.484e-05    2.66131     9.093    0.832776   2395
    1975    1.85653 8.309e-01   0.01160 2.668e-05    2.69907    10.900    0.830840   2427
    2000    1.69662 8.290e-01   0.00983 2.406e-05    2.53547    20.699    0.828909   2458
    2025    1.78275 8.271e-01   0.01035 3.918e-05    2.62020    10.015    0.826984   2490
    2050    1.78818 8.251e-01   0.00909 2.171e-05    2.62243    15.174    0.825064   2522
    2075    1.79456 8.232e-01   0.01005 2.128e-05    2.62786     9.526    0.823149   2553
    2100    1.56232 8.213e-01   0.01003 1.968e-05    2.39369    14.399    0.821239   2584
    2125    1.80592 8.194e-01   0.01055 2.074e-05    2.63589     9.966    0.819334   2615
    2150    1.89314 8.175e-01   0.01023 2.226e-05    2.72090     8.220    0.817435   2646
    2175    1.46089 8.156e-01   0.01027 1.854e-05    2.28680     9.934    0.815540   2678
    2200    1.71478 8.137e-01   0.00954 1.835e-05    2.53807    10.682    0.813650   2709
    2225    1.43859 8.118e-01   0.00831 1.680e-05    2.25875    10.550    0.811766   2741
    2250    1.46827 8.100e-01   0.00910 1.781e-05    2.28735    11.647    0.809886   2774
    2275    1.71497 8.081e-01   0.00851 3.446e-05    2.53160     9.641    0.808012   2805
    2300    1.28341 8.062e-01   0.00645 1.574e-05    2.09609     9.985    0.806142   2837
    2325    1.65245 8.044e-01   0.00768 2.620e-05    2.46450    10.186    0.804277   2869
    2350    1.44734 8.025e-01   0.00753 1.483e-05    2.25739     9.523    0.802417   2901
    2375    1.65717 8.006e-01   0.00828 1.450e-05    2.46610    11.607    0.800562   2932
    2400    1.27404 7.988e-01   0.00698 2.207e-05    2.07983     8.196    0.798712   2965
    2425    1.43921 7.969e-01   0.00705 1.389e-05    2.24321     8.864    0.796867   2997
    2450    1.33744 7.951e-01   0.00718 1.314e-05    2.13973     9.242    0.795027   3029
    2475    1.70648 7.933e-01   0.00938 1.165e-05    2.50914     9.077    0.793191   3062
    [checkpoint 2500]  e@8 0.3341  e@368 0.9964  nRMSE@8 0.2848  nRMSE@368 1.3157
    2500    1.52299 7.914e-01   0.00769 1.876e-05    2.32213    11.522    0.791361   3099
    2525    1.51839 7.896e-01   0.00796 1.250e-05    2.31597     7.447    0.789535   3130
    2550    1.67903 7.878e-01   0.00778 1.210e-05    2.47461     9.797    0.787714   3162
    2575    1.43452 7.860e-01   0.00596 1.165e-05    2.22646     9.275    0.785897   3195
    2600    1.47623 7.842e-01   0.00640 1.160e-05    2.26680     9.316    0.784085   3228
    2625    1.50165 7.824e-01   0.00703 1.043e-05    2.29104     8.282    0.782278   3261
    2650    1.78037 7.805e-01   0.00922 1.486e-05    2.57015     7.698    0.780476   3294
    2675    1.47470 7.787e-01   0.00779 9.840e-06    2.26125     8.758    0.778678   3327
    2700    1.25090 7.770e-01   0.00548 9.433e-06    2.03335     9.614    0.776885   3361
    2725    1.52601 7.752e-01   0.00671 1.987e-05    2.30791    11.324    0.775097   3394
    2750    1.32282 7.734e-01   0.00522 8.482e-06    2.10143     9.028    0.773313   3427
    2775    1.41936 7.716e-01   0.00630 8.717e-06    2.19727     8.407    0.771534   3460
    2800    1.40758 7.698e-01   0.00561 8.143e-06    2.18303    10.118    0.769759   3493
    2825    1.52892 7.681e-01   0.00625 7.994e-06    2.30324    11.025    0.767989   3526
    2850    1.32258 7.663e-01   0.00541 1.151e-05    2.09430    11.979    0.766224   3558
    2875    1.22799 7.645e-01   0.00556 7.711e-06    1.99809     8.120    0.764463   3595
    2900    1.24714 7.628e-01   0.00501 7.710e-06    2.01494     9.249    0.762706   3629
    2925    1.18964 7.610e-01   0.00439 7.279e-06    1.95506    15.650    0.760954   3663
    2950    1.06977 7.593e-01   0.00459 6.362e-06    1.83364     9.041    0.759206   3696
    2975    1.29695 7.575e-01   0.00439 9.652e-06    2.05888     6.469    0.757463   3730
    3000    1.28828 7.558e-01   0.00515 5.819e-06    2.04922     8.164    0.755724   3764
    3025    1.37733 7.541e-01   0.00525 8.007e-06    2.13664     7.389    0.753990   3797
    3050    1.58092 7.523e-01   0.00527 6.074e-06    2.33853     8.339    0.752260   3830
    3075    1.02287 7.506e-01   0.00479 5.421e-06    1.77827     9.801    0.750535   3863
    3100    1.25311 7.489e-01   0.00525 5.613e-06    2.00724    10.272    0.748813   3897
    3125    1.22308 7.472e-01   0.00454 5.615e-06    1.97478     9.853    0.747096   3931
    3150    1.10584 7.455e-01   0.00491 4.874e-06    1.85621     8.522    0.745384   3964
    3175    1.42022 7.437e-01   0.00531 6.178e-06    2.16928     6.635    0.743676   3999
    3200    1.09986 7.420e-01   0.00369 5.062e-06    1.84559     9.612    0.741972   4044
    3225    1.08383 7.403e-01   0.00399 4.712e-06    1.82817     7.515    0.740272   4087
    3250    1.38449 7.386e-01   0.00476 8.488e-06    2.12790    11.393    0.738576   4121
    3275    1.03687 7.370e-01   0.00364 4.483e-06    1.77746     9.405    0.736885   4156
    3300    1.26644 7.353e-01   0.00441 4.399e-06    2.00612    10.856    0.735198   4190
    3325    1.45750 7.336e-01   0.00440 6.354e-06    2.19549    10.510    0.733515   4223
    3350    1.00747 7.319e-01   0.00362 3.995e-06    1.74300    10.066    0.731837   4257
    3375    1.31140 7.302e-01   0.00400 3.688e-06    2.04563     9.610    0.730162   4292
    3400    1.24869 7.286e-01   0.00408 3.611e-06    1.98133     9.699    0.728492   4325
    3425    0.98837 7.269e-01   0.00264 3.865e-06    1.71791     5.549    0.726826   4358
    3450    1.19938 7.252e-01   0.00348 3.560e-06    1.92809    14.529    0.725164   4391
    3475    0.88342 7.236e-01   0.00358 3.565e-06    1.61057     7.268    0.723506   4424
    3500    1.05744 7.219e-01   0.00435 3.381e-06    1.78372     6.451    0.721852   4458
    3525    1.10533 7.203e-01   0.00302 4.207e-06    1.82863     7.974    0.720202   4491
    3550    0.90949 7.186e-01   0.00287 4.020e-06    1.63099    10.433    0.718556   4524
    3575    1.17503 7.170e-01   0.00341 3.271e-06    1.89543     7.920    0.716915   4558
    3600    0.90860 7.153e-01   0.00271 3.221e-06    1.62666     9.865    0.715277   4591
    3625    1.27593 7.137e-01   0.00369 3.079e-06    1.99333     9.424    0.713643   4624
    3650    1.10659 7.121e-01   0.00347 4.378e-06    1.82214     9.918    0.712014   4657
    3675    1.33652 7.105e-01   0.00300 3.371e-06    2.04998     9.161    0.710388   4690
    3700    1.18198 7.088e-01   0.00391 2.964e-06    1.89473     7.882    0.708767   4723
    3725    1.05834 7.072e-01   0.00361 4.209e-06    1.76917    10.852    0.707149   4756
    3750    1.04088 7.056e-01   0.00264 2.632e-06    1.74912     8.865    0.705535   4790
    3775    1.04634 7.040e-01   0.00316 2.812e-06    1.75350     7.491    0.703925   4823
    3800    0.89451 7.024e-01   0.00308 2.816e-06    1.59997     7.507    0.702319   4858
    3825    0.78707 7.008e-01   0.00315 2.714e-06    1.49101     7.087    0.700718   4891
    3850    0.86281 6.992e-01   0.00337 2.597e-06    1.56536     7.395    0.699119   4925
    3875    0.88736 6.976e-01   0.00268 2.548e-06    1.58763     6.984    0.697525   4959
    3900    1.11038 6.960e-01   0.00364 2.349e-06    1.81002     8.939    0.695935   4993
    3925    0.94280 6.944e-01   0.00282 2.360e-06    1.64004     8.514    0.694348   5027
    3950    0.88610 6.928e-01   0.00248 2.379e-06    1.58141     8.750    0.692766   5061
    3975    0.97229 6.913e-01   0.00228 2.405e-06    1.66581    10.481    0.691187   5097
    4000    1.00821 6.897e-01   0.00334 2.360e-06    1.70123     8.771    0.689612   5131
    4025    0.77112 6.881e-01   0.00259 2.473e-06    1.46182     5.648    0.688040   5166
    4050    0.85715 6.865e-01   0.00191 2.126e-06    1.54560     8.248    0.686473   5201
    4075    1.03221 6.850e-01   0.00262 2.315e-06    1.71980     9.895    0.684909   5236
    4100    1.01388 6.834e-01   0.00192 2.091e-06    1.69922     8.408    0.683350   5271
    4125    0.88227 6.819e-01   0.00230 2.126e-06    1.56642     8.531    0.681793   5305
    4150    0.91159 6.803e-01   0.00257 2.083e-06    1.59447     8.170    0.680241   5342
    4175    0.81742 6.788e-01   0.00233 2.091e-06    1.49850     8.509    0.678692   5378
    4200    0.87292 6.772e-01   0.00181 2.972e-06    1.55194     6.920    0.677147   5413
    4225    0.94299 6.757e-01   0.00210 1.915e-06    1.62076     6.355    0.675606   5449
    4250    0.89243 6.741e-01   0.00191 1.898e-06    1.56847     7.382    0.674068   5485
    4275    0.78447 6.726e-01   0.00256 1.854e-06    1.45963     7.572    0.672534   5522
    4300    0.91852 6.711e-01   0.00200 1.882e-06    1.59158     8.251    0.671004   5557
    4325    0.90289 6.695e-01   0.00207 1.834e-06    1.57451     9.895    0.669477   5593
    4350    0.74433 6.680e-01   0.00191 1.886e-06    1.41425     9.421    0.667954   5629
    4375    0.85285 6.665e-01   0.00193 1.955e-06    1.52128     7.055    0.666435   5666
    4400    0.95025 6.650e-01   0.00228 1.962e-06    1.61751     7.140    0.664919   5703
    4425    0.71173 6.635e-01   0.00207 1.731e-06    1.37728     7.371    0.663407   5739
    4450    0.99098 6.620e-01   0.00197 1.767e-06    1.65491     8.630    0.661898   5776
    4475    0.80957 6.605e-01   0.00203 1.813e-06    1.47206    10.839    0.660394   5813
    4500    0.90976 6.590e-01   0.00190 2.102e-06    1.57061     7.197    0.658892   5849
    4525    0.96588 6.575e-01   0.00163 2.649e-06    1.62497     9.082    0.657394   5886
    4550    0.66682 6.560e-01   0.00143 1.738e-06    1.32421    11.171    0.655900   5922
    4575    0.70877 6.545e-01   0.00164 1.684e-06    1.36488    14.073    0.654409   5959
    4600    0.93691 6.530e-01   0.00240 4.412e-06    1.59229    12.288    0.652922   5998
    4625    0.80732 6.515e-01   0.00219 1.704e-06    1.46101     7.214    0.651438   6035
    4650    0.80144 6.500e-01   0.00160 1.583e-06    1.45305     7.354    0.649958   6073
    4675    0.88680 6.485e-01   0.00158 2.709e-06    1.53693     7.917    0.648481   6110
    4700    0.76179 6.471e-01   0.00193 1.632e-06    1.41079     6.813    0.647008   6147
    4725    0.88751 6.456e-01   0.00175 1.639e-06    1.53486     7.687    0.645538   6184
    4750    0.68204 6.441e-01   0.00146 1.593e-06    1.32763     8.730    0.644072   6221
    4775    0.95210 6.427e-01   0.00165 2.585e-06    1.59642     8.434    0.642609   6259
    4800    0.68694 6.412e-01   0.00147 1.568e-06    1.32962     7.471    0.641149   6297
    4825    0.75311 6.398e-01   0.00266 1.664e-06    1.39552     9.526    0.639693   6335
    4850    0.76086 6.383e-01   0.00189 1.637e-06    1.40105     7.809    0.638241   6373
    4875    0.74993 6.368e-01   0.00167 1.532e-06    1.38844     8.780    0.636791   6410
    4900    0.78597 6.354e-01   0.00217 1.451e-06    1.42355     9.939    0.635346   6447
    4925    0.62739 6.340e-01   0.00189 1.632e-06    1.26325     6.519    0.633903   6485
    4950    0.69116 6.325e-01   0.00173 1.652e-06    1.32541     7.578    0.632464   6523
    4975    0.66966 6.311e-01   0.00134 1.769e-06    1.30209     5.831    0.631028   6560
    [checkpoint 5000]  e@8 0.3688  e@368 0.8507  nRMSE@8 0.2961  nRMSE@368 1.3131
    5000    0.64283 6.297e-01   0.00170 2.254e-06    1.27418     8.990    0.629596   6604
    5025    0.74643 6.282e-01   0.00131 1.486e-06    1.37596     6.122    0.628167   6641
    5050    0.73360 6.268e-01   0.00188 1.970e-06    1.36229     9.536    0.626741   6679
    5075    0.68899 6.254e-01   0.00126 1.460e-06    1.31563    10.440    0.625319   6717
    5100    0.73310 6.240e-01   0.00210 1.464e-06    1.35916     8.071    0.623900   6754
    5125    0.64236 6.225e-01   0.00109 1.431e-06    1.26599    10.381    0.622485   6791
    5150    0.79210 6.211e-01   0.00183 1.491e-06    1.41506     7.373    0.621072   6828
    5175    0.66825 6.197e-01   0.00153 1.401e-06    1.28950     6.907    0.619663   6867
    5200    0.76969 6.183e-01   0.00155 1.361e-06    1.38955     8.075    0.618257   6905
    5225    0.70363 6.169e-01   0.00128 1.465e-06    1.32182     8.216    0.616855   6943
    5250    0.74871 6.155e-01   0.00132 1.690e-06    1.36555     7.105    0.615456   6982
    5275    0.63784 6.141e-01   0.00114 1.498e-06    1.25309     6.671    0.614060   7020
    5300    0.85577 6.127e-01   0.00155 1.476e-06    1.47004     7.870    0.612667   7057
    5325    0.82947 6.113e-01   0.00155 1.389e-06    1.44235    10.772    0.611277   7093
    5350    0.63116 6.099e-01   0.00159 1.409e-06    1.24269    10.740    0.609891   7130
    5375    0.72456 6.086e-01   0.00187 1.323e-06    1.33499     7.253    0.608508   7167
    5400    0.84607 6.072e-01   0.00154 1.371e-06    1.45479     6.156    0.607128   7205
    5425    0.79051 6.058e-01   0.00158 3.021e-06    1.39791     8.011    0.605751   7242
    5450    0.69486 6.044e-01   0.00164 1.427e-06    1.30093     7.506    0.604378   7279
    5475    0.55127 6.031e-01   0.00133 1.397e-06    1.15566     6.497    0.603008   7317
    5500    0.66378 6.017e-01   0.00144 1.319e-06    1.26691     6.674    0.601641   7354
    5525    0.64773 6.003e-01   0.00137 2.124e-06    1.24943     5.919    0.600277   7391
    5550    0.73936 5.990e-01   0.00146 2.266e-06    1.33979     5.890    0.598917   7428
    5575    0.62002 5.976e-01   0.00110 1.399e-06    1.21873     8.203    0.597559   7465
    5600    0.61317 5.963e-01   0.00146 2.354e-06    1.21089     9.224    0.596204   7503
    5625    0.75822 5.949e-01   0.00126 1.290e-06    1.35440    11.483    0.594853   7540
    5650    0.69514 5.936e-01   0.00121 1.309e-06    1.28990     6.725    0.593504   7577
    5675    0.63581 5.922e-01   0.00144 2.286e-06    1.22946     7.708    0.592159   7615
    5700    0.63557 5.909e-01   0.00185 1.382e-06    1.22829     5.192    0.590817   7652
    5725    0.58891 5.895e-01   0.00153 1.290e-06    1.17997     7.818    0.589477   7689
    5750    0.58467 5.882e-01   0.00141 1.307e-06    1.17427    14.518    0.588141   7726
    5775    0.66905 5.869e-01   0.00152 1.996e-06    1.25743     6.082    0.586809   7762
    5800    0.59264 5.855e-01   0.00118 1.259e-06    1.17936     9.170    0.585479   7800
    5825    0.74955 5.842e-01   0.00145 1.319e-06    1.33520    12.048    0.584153   7837
    5850    0.70568 5.829e-01   0.00088 2.244e-06    1.28944     7.152    0.582830   7875
    5875    0.51807 5.816e-01   0.00085 1.223e-06    1.10048     6.817    0.581509   7911
    5900    0.56899 5.802e-01   0.00085 1.246e-06    1.15008     6.991    0.580192   7948
    5925    0.60248 5.789e-01   0.00107 1.360e-06    1.18248     8.937    0.578878   7985
    5950    0.63741 5.776e-01   0.00112 1.278e-06    1.21615     8.253    0.577566   8022
    5975    0.58488 5.763e-01   0.00211 1.379e-06    1.16330     6.692    0.576258   8058
    6000    0.58578 5.750e-01   0.00118 1.312e-06    1.16197     7.658    0.574952   8095
    6025    0.55383 5.737e-01   0.00114 1.305e-06    1.12868     6.290    0.573650   8132
    6050    0.61948 5.724e-01   0.00088 1.199e-06    1.19277     5.784    0.572350   8169
    6075    0.58511 5.711e-01   0.00114 1.519e-06    1.15735     8.438    0.571054   8206
    6100    0.56270 5.698e-01   0.00117 1.290e-06    1.13368     7.366    0.569760   8244
    6125    0.63773 5.685e-01   0.00118 1.146e-06    1.20743     6.562    0.568469   8280
    6150    0.63955 5.672e-01   0.00096 1.185e-06    1.20774     7.503    0.567182   8317
    6175    0.59429 5.659e-01   0.00115 1.224e-06    1.16138    11.562    0.565897   8352
    6200    0.58130 5.647e-01   0.00124 1.179e-06    1.14720     7.347    0.564615   8388
    6225    0.55931 5.634e-01   0.00143 1.188e-06    1.12413     6.681    0.563336   8424
    6250    0.58358 5.621e-01   0.00096 4.221e-06    1.14665     7.347    0.562060   8460
    6275    0.55642 5.608e-01   0.00124 1.157e-06    1.11851     5.934    0.560787   8495
    6300    0.64634 5.596e-01   0.00177 1.235e-06    1.20767     9.380    0.559518   8531
    6325    0.62762 5.583e-01   0.00139 1.101e-06    1.18732    11.391    0.558251   8567
    6350    0.60954 5.570e-01   0.00087 2.409e-06    1.16745     6.541    0.556987   8602
    6375    0.72330 5.558e-01   0.00082 2.915e-06    1.27990     5.382    0.555726   8638
    6400    0.57663 5.545e-01   0.00058 1.103e-06    1.13173     8.403    0.554468   8674
    6425    0.60360 5.533e-01   0.00089 1.180e-06    1.15776     9.465    0.553213   8710
    6450    0.52809 5.520e-01   0.00105 1.196e-06    1.08115     9.243    0.551960   8746
    6475    0.56104 5.508e-01   0.00081 1.971e-06    1.11261     4.920    0.550711   8782
    6500    0.54001 5.495e-01   0.00135 1.154e-06    1.09087     7.853    0.549464   8818
    6525    0.61155 5.483e-01   0.00099 3.561e-06    1.16082     9.268    0.548220   8854
    6550    0.48662 5.470e-01   0.00097 1.156e-06    1.03462     7.922    0.546979   8890
    6575    0.47953 5.458e-01   0.00131 1.205e-06    1.02663     8.245    0.545740   8926
    6600    0.54458 5.446e-01   0.00079 2.571e-06    1.08994     9.071    0.544505   8962
    6625    0.70174 5.433e-01   0.00095 1.110e-06    1.24601     6.318    0.543272   8998
    6650    0.60132 5.421e-01   0.00094 1.134e-06    1.14435     6.589    0.542042   9034
    6675    0.60886 5.409e-01   0.00083 1.135e-06    1.15056    10.759    0.540815   9070
    6700    0.58466 5.396e-01   0.00089 1.065e-06    1.12519    11.383    0.539591   9106
    6725    0.52124 5.384e-01   0.00088 1.176e-06    1.06055    10.242    0.538369   9142
    6750    0.50572 5.372e-01   0.00089 1.035e-06    1.04381     6.193    0.537151   9178
    6775    0.58508 5.360e-01   0.00087 1.163e-06    1.12193     6.796    0.535935   9214
    6800    0.51225 5.348e-01   0.00102 1.153e-06    1.04804     9.945    0.534721   9249
    6825    0.55741 5.336e-01   0.00088 3.416e-06    1.09186     7.424    0.533511   9286
    6850    0.56885 5.324e-01   0.00129 2.021e-06    1.10249     6.781    0.532303   9323
    6875    0.51194 5.311e-01   0.00098 1.096e-06    1.04407     7.455    0.531098   9359
    6900    0.55442 5.299e-01   0.00124 1.073e-06    1.08561     7.656    0.529895   9395
    6925    0.60253 5.287e-01   0.00085 1.279e-06    1.13212    11.449    0.528696   9431
    6950    0.41390 5.275e-01   0.00078 1.069e-06    0.94223     7.625    0.527499   9467
    6975    0.60635 5.264e-01   0.00080 1.038e-06    1.13351     6.730    0.526305   9502
    7000    0.52366 5.252e-01   0.00082 1.035e-06    1.04964     5.721    0.525113   9538
    7025    0.48448 5.240e-01   0.00092 1.119e-06    1.00937     7.297    0.523924   9576
    7050    0.47799 5.228e-01   0.00054 1.097e-06    1.00131     7.293    0.522739   9611
    7075    0.48691 5.216e-01   0.00081 2.360e-06    1.00933     5.818    0.521556   9647
    7100    0.52731 5.204e-01   0.00075 2.147e-06    1.04848     7.632    0.520376   9683
    7125    0.57369 5.192e-01   0.00081 1.080e-06    1.09375     7.284    0.519199   9719
    7150    0.46666 5.181e-01   0.00082 1.730e-06    0.98555     6.224    0.518024   9756
    7175    0.56333 5.169e-01   0.00098 1.088e-06    1.08121     5.700    0.516852   9792
    7200    0.52062 5.157e-01   0.00085 2.188e-06    1.03720    10.621    0.515683   9827
    7225    0.50591 5.146e-01   0.00080 1.100e-06    1.02127     6.156    0.514516   9864
    7250    0.46360 5.134e-01   0.00071 1.035e-06    0.97771    12.567    0.513352   9900
    7275    0.44858 5.122e-01   0.00065 1.070e-06    0.96147    10.579    0.512191   9937
    7300    0.50927 5.111e-01   0.00132 2.762e-06    1.02167     7.159    0.511032   9973
    7325    0.64657 5.099e-01   0.00128 2.317e-06    1.15777     9.836    0.509876  10010
    7350    0.48866 5.088e-01   0.00094 1.640e-06    0.99837     6.054    0.508722  10045
    7375    0.46703 5.076e-01   0.00086 1.372e-06    0.97551     7.464    0.507571  10081
    7400    0.50243 5.065e-01   0.00094 9.909e-07    1.00984     7.337    0.506423  10117
    7425    0.54293 5.053e-01   0.00138 1.009e-06    1.04963    12.569    0.505277  10153
    7450    0.47482 5.042e-01   0.00293 1.029e-06    0.98193     7.852    0.504134  10190
    7475    0.43977 5.030e-01   0.00088 3.503e-06    0.94369     7.888    0.502994  10225
    [checkpoint 7500]  e@8 0.3940  e@368 0.5163  nRMSE@8 0.3037  nRMSE@368 0.6421
    7500    0.49819 5.019e-01   0.00093 1.082e-06    1.00102     9.430    0.501856  10267
    7525    0.50955 5.008e-01   0.00058 1.352e-06    1.01090    10.300    0.500720  10304
    7550    0.44074 4.996e-01   0.00059 9.788e-07    0.94097     5.403    0.499587  10340
    7575    0.45650 4.985e-01   0.00072 1.031e-06    0.95573     9.414    0.498457  10376
    7600    0.41876 4.974e-01   0.00074 9.977e-07    0.91688     6.718    0.497329  10412
    7625    0.40941 4.962e-01   0.00063 9.867e-07    0.90629     6.228    0.496204  10449
    7650    0.45144 4.951e-01   0.00067 1.020e-06    0.94723     7.218    0.495082  10486
    7675    0.48986 4.940e-01   0.00063 1.826e-06    0.98450     7.390    0.493962  10522
    7700    0.46795 4.929e-01   0.00113 9.328e-07    0.96198     6.337    0.492844  10558
    7725    0.51522 4.918e-01   0.00114 1.798e-06    1.00813     8.527    0.491729  10595
    7750    0.42226 4.907e-01   0.00065 9.863e-07    0.91358    10.973    0.490616  10632
    7775    0.43663 4.896e-01   0.00079 9.619e-07    0.92698     5.573    0.489506  10668
    7800    0.44104 4.884e-01   0.00074 9.383e-07    0.93023    13.046    0.488399  10704
    7825    0.44593 4.873e-01   0.00043 1.022e-06    0.93370     7.355    0.487294  10740
    7850    0.50870 4.862e-01   0.00068 9.215e-07    0.99562     5.607    0.486192  10776
    7875    0.46969 4.851e-01   0.00076 9.867e-07    0.95559     7.114    0.485092  10812
    7900    0.55383 4.840e-01   0.00071 9.498e-07    1.03858     6.770    0.483994  10848
    7925    0.43373 4.829e-01   0.00063 9.340e-07    0.91731     8.476    0.482899  10884
    7950    0.43885 4.819e-01   0.00075 9.320e-07    0.92145     7.164    0.481807  10921
    7975    0.47041 4.808e-01   0.00053 9.640e-07    0.95171     6.178    0.480717  10957
    8000    0.45890 4.797e-01   0.00153 9.534e-07    0.94011     6.561    0.479629  10995
    8025    0.41048 4.786e-01   0.00154 1.023e-06    0.89061     5.752    0.478544  11031
    8050    0.42104 4.775e-01   0.00123 9.612e-07    0.89978     7.249    0.477461  11068
    8075    0.51032 4.764e-01   0.00068 9.570e-07    0.98742     8.896    0.476381  11104
    8100    0.43160 4.753e-01   0.00093 1.430e-06    0.90787     5.752    0.475303  11140
    8125    0.46960 4.743e-01   0.00050 1.878e-06    0.94437     8.864    0.474228  11176
    8150    0.42479 4.732e-01   0.00041 9.221e-07    0.89840     8.779    0.473155  11213
    8175    0.42804 4.721e-01   0.00081 1.856e-06    0.90097     8.717    0.472085  11249
    8200    0.49711 4.711e-01   0.00081 2.382e-06    0.96898     6.736    0.471016  11286
    8225    0.40704 4.700e-01   0.00081 9.253e-07    0.87784     8.745    0.469951  11322
    8250    0.43219 4.689e-01   0.00062 8.909e-07    0.90173     7.973    0.468888  11359
    8275    0.44173 4.679e-01   0.00055 9.862e-07    0.91015    11.807    0.467827  11396
    8300    0.47582 4.668e-01   0.00073 9.268e-07    0.94336     5.724    0.466768  11432
    8325    0.45157 4.658e-01   0.00059 9.597e-07    0.91792     5.862    0.465712  11469
    8350    0.36407 4.647e-01   0.00062 9.363e-07    0.82939     7.511    0.464659  11506
    8375    0.48901 4.636e-01   0.00061 1.961e-06    0.95328     6.958    0.463608  11542
    8400    0.45782 4.626e-01   0.00069 9.029e-07    0.92111     8.151    0.462559  11579
    8425    0.45262 4.616e-01   0.00056 9.255e-07    0.91473     6.783    0.461512  11615
    8450    0.43979 4.605e-01   0.00052 8.902e-07    0.90082     8.929    0.460468  11652
    8475    0.39362 4.595e-01   0.00050 8.934e-07    0.85359     7.093    0.459426  11688
    8500    0.44081 4.584e-01   0.00092 9.097e-07    0.90016    10.475    0.458387  11723
    8525    0.37843 4.574e-01   0.00093 9.553e-07    0.83676     4.422    0.457350  11758
    8550    0.38365 4.564e-01   0.00060 9.161e-07    0.84061     8.659    0.456315  11793
    8575    0.42069 4.553e-01   0.00041 9.604e-07    0.87642    10.664    0.455283  11827
    8600    0.43455 4.543e-01   0.00052 1.014e-06    0.88936     6.652    0.454253  11862
    8625    0.43872 4.533e-01   0.00070 1.474e-06    0.89269     6.258    0.453225  11896
    8650    0.35872 4.522e-01   0.00049 2.144e-06    0.81145     6.837    0.452200  11930
    8675    0.38616 4.512e-01   0.00067 8.630e-07    0.83805    10.714    0.451176  11964
    8700    0.41226 4.502e-01   0.00041 8.967e-07    0.86287     5.799    0.450156  11998
    8725    0.46312 4.492e-01   0.00093 8.889e-07    0.91323     6.472    0.449137  12031
    8750    0.39152 4.482e-01   0.00062 1.269e-06    0.84030     7.215    0.448121  12065
    8775    0.46989 4.471e-01   0.00055 9.443e-07    0.91759     7.852    0.447107  12098
    8800    0.45392 4.461e-01   0.00054 9.098e-07    0.90060     8.476    0.446096  12131
    8825    0.44041 4.451e-01   0.00041 1.231e-06    0.88594     6.335    0.445087  12164
    8850    0.42359 4.441e-01   0.00052 8.529e-07    0.86824     5.746    0.444080  12197
    8875    0.39276 4.431e-01   0.00045 3.005e-06    0.83633     5.099    0.443075  12230
    8900    0.40108 4.421e-01   0.00056 7.831e-07    0.84376     5.971    0.442072  12263
    8925    0.37605 4.411e-01   0.00031 9.041e-07    0.81748     8.395    0.441072  12296
    8950    0.42649 4.401e-01   0.00078 8.224e-07    0.86738     6.860    0.440074  12329
    8975    0.37759 4.391e-01   0.00316 7.810e-07    0.81987     5.840    0.439079  12362
    9000    0.39038 4.381e-01   0.00121 8.609e-07    0.82971     6.245    0.438085  12395
    9025    0.39438 4.371e-01   0.00053 2.277e-06    0.83205     9.768    0.437094  12427
    9050    0.35856 4.361e-01   0.00097 8.354e-07    0.79567     6.902    0.436105  12460
    9075    0.41648 4.352e-01   0.00060 1.839e-06    0.85223     5.029    0.435119  12492
    9100    0.39828 4.342e-01   0.00084 1.019e-06    0.83330     7.060    0.434135  12525
    9125    0.48151 4.332e-01   0.00059 1.775e-06    0.91529     6.915    0.433153  12557
    9150    0.45763 4.322e-01   0.00072 8.146e-07    0.89057     8.827    0.432174  12590
    9175    0.41887 4.312e-01   0.00037 9.241e-07    0.85048    10.888    0.431197  12623
    9200    0.43616 4.303e-01   0.00052 9.552e-07    0.86694     5.066    0.430222  12655
    9225    0.39495 4.293e-01   0.00069 8.991e-07    0.82493     9.091    0.429249  12687
    9250    0.32862 4.283e-01   0.00046 8.681e-07    0.75740     6.060    0.428279  12719
    9275    0.35580 4.273e-01   0.00094 1.766e-06    0.78409     7.816    0.427310  12751
    9300    0.34838 4.264e-01   0.00055 8.801e-07    0.77531     7.370    0.426344  12784
    9325    0.37972 4.254e-01   0.00048 8.320e-07    0.80562     6.579    0.425380  12817
    9350    0.33568 4.245e-01   0.00052 1.119e-06    0.76065     4.591    0.424419  12849
    9375    0.33466 4.235e-01   0.00067 1.489e-06    0.75882     6.883    0.423459  12882
    9400    0.40031 4.225e-01   0.00139 2.767e-06    0.82424     8.152    0.422502  12915
    9425    0.34502 4.216e-01   0.00030 8.125e-07    0.76690     9.850    0.421546  12947
    9450    0.35680 4.206e-01   0.00086 8.511e-07    0.77829     4.495    0.420593  12980
    9475    0.34215 4.197e-01   0.00034 8.395e-07    0.76217     9.446    0.419642  13011
    9500    0.36744 4.187e-01   0.00099 3.232e-06    0.78716     6.519    0.418694  13044
    9525    0.38735 4.178e-01   0.00038 1.887e-06    0.80552     9.876    0.417747  13076
    9550    0.38070 4.168e-01   0.00038 8.365e-07    0.79792     8.607    0.416802  13108
    9575    0.33693 4.159e-01   0.00031 1.083e-06    0.75313     8.247    0.415860  13140
    9600    0.35424 4.150e-01   0.00060 8.101e-07    0.76980     6.189    0.414920  13173
    9625    0.30655 4.140e-01   0.00037 8.557e-07    0.72094     5.732    0.413982  13206
    9650    0.37990 4.131e-01   0.00049 7.617e-07    0.79348     6.827    0.413046  13238
    9675    0.35316 4.121e-01   0.00028 7.534e-07    0.76559     8.741    0.412112  13270
    9700    0.36847 4.112e-01   0.00047 8.264e-07    0.78016     6.636    0.411180  13303
    9725    0.35624 4.103e-01   0.00047 8.243e-07    0.76700     6.500    0.410250  13336
    9750    0.42832 4.094e-01   0.00034 7.379e-07    0.83802    10.711    0.409323  13368
    9775    0.33419 4.084e-01   0.00038 1.339e-06    0.74301     6.928    0.408397  13399
    9800    0.31065 4.075e-01   0.00041 1.958e-06    0.71858     6.062    0.407474  13431
    9825    0.35156 4.066e-01   0.00030 8.583e-07    0.75845     8.262    0.406553  13464
    9850    0.33156 4.057e-01   0.00044 8.084e-07    0.73767     6.659    0.405634  13496
    9875    0.32019 4.048e-01   0.00068 8.967e-07    0.72562     5.953    0.404717  13529
    9900    0.33155 4.038e-01   0.00038 8.247e-07    0.73577     6.613    0.403801  13561
    9925    0.33468 4.029e-01   0.00051 7.808e-07    0.73812     8.918    0.402889  13593
    9950    0.32927 4.020e-01   0.00038 1.150e-06    0.73167     6.620    0.401978  13626
    9975    0.35883 4.011e-01   0.00070 7.457e-07    0.76063     7.010    0.401069  13658
    9999    0.32662 4.002e-01   0.01143 8.455e-07    0.73829     6.755    0.400198  13689
    [checkpoint 10000]  e@8 0.3869  e@368 0.5217  nRMSE@8 0.2920  nRMSE@368 0.7253

----------------------------------------------------------------------------------
  wall clock 3.80 h (1.369 s/iter)
  final: state 3.2662e-01  bound 4.0023e-01  contact 1.1429e-02  termination 8.4552e-07
  grad norm: mean 9.091  median 8.643  p99 17.225  max 49.161
  spikes (>5x trailing 50-median): 0
  collapse fit: d(log_delta)/d(iter) = -9.1353e-05 +- 2.63e-08   (lr 0.0001, rate/lr 0.91)
    exp(log_delta): 0.999900 -> 0.400198
    iterations implied to reach the checkpoint's -14.4629: 158,319
  state-loss slope over the final 250 iterations: -5.123e-05 per iter  (still falling)

  wrote results/step5_armA_seed1_10k.json
  weights in runs/armA_seed1_10k (gitignored)
