==================================================================================
STEP 5 MAIN RUN -- armA_seed1_dup
==================================================================================
  arm A: state branch feeds back its own SAMPLE (autoregressive, faithful)
  auxiliary branch: teacher-forced in BOTH arms (system_dynamics.py:264)
  ensemble 1, batch 256, lr 0.0001, weight_decay 1e-05, 2500 iterations
  action alignment: causal, offset=1 (X-05)
  gradient clipping: NONE -- the reference has none in this path (5.7a)
  CONTROL ARM: 7687 clean + 195 DUPLICATED clean = 7882 windows (count matches the contamination arm, no splices)
    duplication seed 10001, first 5 duplicated starts [2, 25, 51, 53, 160]

    iter      state     bound   contact    termin      total    |grad| exp(logdel)      s
       0   48.47528 1.000e+00   0.69367 6.633e-01   50.83229    48.535    0.999900      1
      25   33.16813 9.975e-01   0.60158 2.749e-01   35.04216    22.219    0.997425     25
      50   26.63368 9.951e-01   0.39223 1.292e-02   28.03388    18.529    0.994962     50
      75   22.28443 9.926e-01   0.35227 4.128e-03   23.63343    14.259    0.992510     75
     100   15.97177 9.902e-01   0.33230 2.820e-03   17.29706    14.265    0.990068    100
     125   13.71256 9.877e-01   0.28190 2.406e-03   14.98460    12.809    0.987644    125
     150   13.75692 9.853e-01   0.20479 2.339e-03   14.94940    14.286    0.985254    150
     175   11.79657 9.830e-01   0.13203 2.246e-03   12.91387    14.474    0.982931    175
     200   11.20450 9.808e-01   0.08965 2.094e-03   12.27703    12.113    0.980708    200
     225    9.56632 9.786e-01   0.06813 1.604e-03   10.61467    16.375    0.978533    226
     250    9.82345 9.764e-01   0.06676 1.274e-03   10.86793    10.321    0.976356    251
     275    8.88192 9.743e-01   0.06881 9.745e-04    9.92596    12.639    0.974168    276
     300    8.96837 9.721e-01   0.06183 8.101e-04   10.00307    11.216    0.971968    301
     325    7.85582 9.698e-01   0.05970 6.776e-04    8.88604    12.956    0.969760    326
     350    8.03800 9.676e-01   0.05942 5.956e-04    9.06564    14.876    0.967546    350
     375    7.75776 9.654e-01   0.06146 5.197e-04    8.78516    13.474    0.965326    375
     400    8.21509 9.632e-01   0.06485 4.486e-04    9.24358    13.642    0.963103    400
     425    7.16350 9.610e-01   0.04986 3.999e-04    8.17472    14.061    0.960878    426
     450    5.27103 9.587e-01   0.05199 3.627e-04    6.28212    10.758    0.958652    451
     475    6.66623 9.565e-01   0.05625 3.365e-04    7.67933    13.854    0.956426    476
    [checkpoint 500]  e@8 0.3936  e@368 1.8245  nRMSE@8 0.3339  nRMSE@368 2.3767
     500    5.71516 9.543e-01   0.05364 3.115e-04    6.72340    10.349    0.954200    505
     525    5.78517 9.521e-01   0.05304 2.877e-04    6.79057    10.914    0.951975    530
     550    4.94219 9.498e-01   0.04257 2.781e-04    5.93488    11.752    0.949752    555
     575    4.80317 9.476e-01   0.04303 2.588e-04    5.79408    11.670    0.947532    580
     600    4.99373 9.454e-01   0.03991 2.531e-04    5.97930    11.136    0.945313    605
     625    4.60901 9.432e-01   0.04043 2.400e-04    5.59286    10.369    0.943098    631
     650    4.69190 9.410e-01   0.03576 2.363e-04    5.66887    11.184    0.940886    656
     675    4.56039 9.388e-01   0.03750 2.170e-04    5.53687     9.527    0.938677    681
     700    3.91433 9.366e-01   0.03191 2.102e-04    4.88301     9.944    0.936472    706
     725    3.74757 9.344e-01   0.03117 1.921e-04    4.71329    14.357    0.934272    731
     750    3.68218 9.322e-01   0.02825 1.845e-04    4.64278    11.491    0.932075    756
     775    3.59602 9.300e-01   0.02747 1.649e-04    4.55363    11.902    0.929883    781
     800    4.03089 9.278e-01   0.03080 1.550e-04    4.98963    13.642    0.927696    806
     825    4.22840 9.256e-01   0.03421 1.467e-04    5.18835    12.210    0.925512    831
     850    4.58470 9.234e-01   0.03101 1.363e-04    5.53927    13.065    0.923334    856
     875    4.08104 9.212e-01   0.02545 1.290e-04    5.02787    12.758    0.921161    882
     900    3.76764 9.191e-01   0.02943 1.173e-04    4.71627    11.916    0.918993    907
     925    3.53299 9.169e-01   0.02687 1.126e-04    4.47689    13.041    0.916830    932
     950    3.58049 9.148e-01   0.02664 1.055e-04    4.52200    12.700    0.914671    957
     975    2.95466 9.126e-01   0.02194 1.022e-04    3.88931    12.950    0.912519    982
    1000    3.84904 9.105e-01   0.02479 9.678e-05    4.78438    16.487    0.910371   1007
    1025    3.43349 9.083e-01   0.02431 9.187e-05    4.36621     9.668    0.908228   1033
    1050    3.19625 9.062e-01   0.02593 8.397e-05    4.12845    10.524    0.906091   1058
    1075    2.58119 9.040e-01   0.02192 8.335e-05    3.50724     8.929    0.903960   1083
    1100    2.90630 9.019e-01   0.02194 7.404e-05    3.83023    10.453    0.901834   1108
    1125    3.05197 8.998e-01   0.02149 7.529e-05    3.97333    10.110    0.899713   1133
    1150    2.84844 8.977e-01   0.02085 7.213e-05    3.76705    12.319    0.897598   1158
    1175    2.89562 8.956e-01   0.01922 6.788e-05    3.81048    17.594    0.895488   1183
    1200    2.98830 8.935e-01   0.02150 6.378e-05    3.90334    10.954    0.893384   1208
    1225    3.01485 8.914e-01   0.01749 6.215e-05    3.92377    10.756    0.891285   1233
    1250    2.66593 8.893e-01   0.02418 5.804e-05    3.57944    12.329    0.889192   1258
    1275    2.56250 8.872e-01   0.01731 5.677e-05    3.46706    11.822    0.887104   1283
    1300    3.29710 8.851e-01   0.02132 5.483e-05    4.20358    14.538    0.885022   1309
    1325    2.70210 8.830e-01   0.02031 5.406e-05    3.60549    11.637    0.882945   1333
    1350    2.70389 8.810e-01   0.02060 5.269e-05    3.60550    14.815    0.880874   1358
    1375    2.48982 8.789e-01   0.01697 5.000e-05    3.38573    11.968    0.878809   1383
    1400    2.71761 8.768e-01   0.01706 4.861e-05    3.61155    14.025    0.876749   1408
    1425    3.02085 8.748e-01   0.02155 4.648e-05    3.91722    11.136    0.874694   1433
    1450    2.08097 8.727e-01   0.01630 4.597e-05    2.97004    10.045    0.872646   1458
    1475    2.46421 8.707e-01   0.01700 4.642e-05    3.35194    10.988    0.870602   1483
    1500    2.66191 8.686e-01   0.01787 4.138e-05    3.54846    12.494    0.868564   1508
    1525    2.58149 8.666e-01   0.01534 3.997e-05    3.46348     7.849    0.866532   1533
    1550    2.79574 8.646e-01   0.01669 4.125e-05    3.67706    10.897    0.864505   1558
    1575    2.42462 8.626e-01   0.01540 3.815e-05    3.30262    13.518    0.862484   1583
    1600    2.09259 8.605e-01   0.01431 3.941e-05    2.96748    10.327    0.860468   1608
    1625    2.17489 8.585e-01   0.01276 3.905e-05    3.04622     8.686    0.858458   1633
    1650    2.05441 8.565e-01   0.01369 3.304e-05    2.92467    11.747    0.856453   1658
    1675    1.91200 8.545e-01   0.01354 3.012e-05    2.78010    10.334    0.854453   1683
    1700    2.43570 8.525e-01   0.01627 3.040e-05    3.30455    11.139    0.852459   1708
    1725    1.85608 8.506e-01   0.01013 2.837e-05    2.71679    11.535    0.850470   1733
    1750    2.27373 8.486e-01   0.01532 2.592e-05    3.13764    10.214    0.848487   1758
    1775    2.17902 8.466e-01   0.01296 2.767e-05    3.03860     8.592    0.846509   1783
    1800    1.95076 8.446e-01   0.01095 2.543e-05    2.80635     9.238    0.844536   1808
    1825    1.85407 8.426e-01   0.01236 2.453e-05    2.70910    13.793    0.842569   1833
    1850    2.20404 8.407e-01   0.01353 2.488e-05    3.05828    12.284    0.840607   1858
    1875    1.88603 8.387e-01   0.01069 2.329e-05    2.73547    10.477    0.838650   1883
    1900    2.12053 8.368e-01   0.01171 3.065e-05    2.96904    10.133    0.836699   1908
    1925    1.97951 8.348e-01   0.01091 2.759e-05    2.82528    12.481    0.834753   1932
    1950    2.20444 8.329e-01   0.01290 2.966e-05    3.05025    11.391    0.832812   1957
    1975    2.03696 8.310e-01   0.01127 2.629e-05    2.87920    10.499    0.830876   1983
    2000    1.77923 8.290e-01   0.00952 2.765e-05    2.61780    12.214    0.828946   2008
    2025    1.96587 8.271e-01   0.01282 2.454e-05    2.80582    10.522    0.827020   2033
    2050    1.67266 8.252e-01   0.01052 1.715e-05    2.50838    13.335    0.825100   2058
    2075    1.67898 8.233e-01   0.00914 1.860e-05    2.51140    11.237    0.823185   2082
    2100    1.43448 8.214e-01   0.00760 1.582e-05    2.26345     7.788    0.821275   2108
    2125    1.43773 8.194e-01   0.00768 1.639e-05    2.26487     9.860    0.819370   2133
    2150    1.64728 8.175e-01   0.01068 1.455e-05    2.47552    10.154    0.817471   2158
    2175    1.78391 8.157e-01   0.00880 1.416e-05    2.60838     9.158    0.815576   2183
    2200    2.09019 8.138e-01   0.01100 1.443e-05    2.91497    12.196    0.813686   2208
    2225    1.84655 8.119e-01   0.01073 1.313e-05    2.66916    11.498    0.811802   2233
    2250    1.80678 8.100e-01   0.00992 1.320e-05    2.62670     7.920    0.809922   2258
    2275    2.04538 8.081e-01   0.01008 1.277e-05    2.86360     7.696    0.808047   2283
    2300    1.48329 8.063e-01   0.00785 1.107e-05    2.29740    14.324    0.806178   2308
    2325    1.53424 8.044e-01   0.00894 1.131e-05    2.34758     6.644    0.804313   2333
    2350    1.44971 8.025e-01   0.00952 1.024e-05    2.26177    10.042    0.802453   2358
    2375    1.39712 8.007e-01   0.00775 1.032e-05    2.20556     8.279    0.800598   2383
    2400    1.81257 7.988e-01   0.00803 1.529e-05    2.61944     9.345    0.798748   2408
    2425    1.77230 7.970e-01   0.00954 9.482e-06    2.57883     9.345    0.796903   2433
    2450    1.80007 7.951e-01   0.00913 1.040e-05    2.60434     8.095    0.795063   2458
    2475    1.61443 7.933e-01   0.00715 1.452e-05    2.41489     8.037    0.793227   2483
    2499    1.76378 7.915e-01   0.00775 1.287e-05    2.56309     6.889    0.791470   2507
    [checkpoint 2500]  e@8 0.3450  e@368 0.9611  nRMSE@8 0.2839  nRMSE@368 1.1274

----------------------------------------------------------------------------------
  wall clock 0.70 h (1.004 s/iter)
  final: state 1.7638e+00  bound 7.9154e-01  contact 7.7542e-03  termination 1.2874e-05
  grad norm: mean 11.763  median 11.365  p99 22.630  max 48.535
  spikes (>5x trailing 50-median): 0
  collapse fit: d(log_delta)/d(iter) = -9.3575e-05 +- 2.60e-08   (lr 0.0001, rate/lr 0.94)
    exp(log_delta): 0.999900 -> 0.791470
    iterations implied to reach the checkpoint's -14.4629: 154,559
  state-loss slope over the final 250 iterations: -7.781e-04 per iter  (still falling)

  wrote results/step5_armA_seed1_dup.json
  weights in runs/armA_seed1_dup (gitignored)
