==================================================================================
STEP 5 MAIN RUN -- armA_seed2
==================================================================================
  arm A: state branch feeds back its own SAMPLE (autoregressive, faithful)
  auxiliary branch: teacher-forced in BOTH arms (system_dynamics.py:264)
  ensemble 1, batch 256, lr 0.0001, weight_decay 1e-05, 2500 iterations
  action alignment: causal, offset=1 (X-05)
  gradient clipping: NONE -- the reference has none in this path (5.7a)
  7687 training windows from episodes [0, 2, 3, 4, 5, 6, 7, 9]

    iter      state     bound   contact    termin      total    |grad| exp(logdel)      s
       0   50.73402 1.000e+00   0.68700 6.876e-01   53.10863    52.917    0.999900      1
      25   36.04869 9.975e-01   0.58526 2.506e-01   37.88205    23.707    0.997427     31
      50   25.85985 9.951e-01   0.39995 1.032e-02   27.26518    18.507    0.994964     62
      75   22.36944 9.926e-01   0.35255 3.462e-03   23.71806    16.601    0.992511     92
     100   17.16213 9.902e-01   0.33074 2.544e-03   18.48559    14.783    0.990071    122
     125   14.15506 9.877e-01   0.27452 2.421e-03   15.41974    13.419    0.987647    153
     150   13.76952 9.854e-01   0.18573 2.665e-03   14.94327    12.381    0.985262    184
     175   11.13615 9.831e-01   0.11741 2.430e-03   12.23904    15.761    0.982960    214
     200   12.10166 9.808e-01   0.09225 1.975e-03   13.17672    12.343    0.980751    244
     225   11.76118 9.787e-01   0.06583 1.497e-03   12.80716    14.649    0.978571    276
     250    9.28996 9.765e-01   0.07195 1.066e-03   10.33945    13.815    0.976387    307
     275    9.29992 9.743e-01   0.06360 8.357e-04   10.33864    10.043    0.974192    337
     300    8.56314 9.721e-01   0.05629 6.869e-04    9.59220    12.367    0.971987    368
     325    9.40453 9.699e-01   0.07245 5.402e-04   10.44738    16.103    0.969774    398
     350    8.49650 9.676e-01   0.06401 4.457e-04    9.52861    13.217    0.967554    429
     375    6.54410 9.654e-01   0.05594 3.702e-04    7.56583     9.925    0.965331    460
     400    5.72534 9.632e-01   0.05305 3.078e-04    6.74189    10.446    0.963104    490
     425    7.20282 9.610e-01   0.05432 2.617e-04    8.21837    12.806    0.960875    521
     450    5.69241 9.587e-01   0.04443 2.326e-04    6.69581    16.253    0.958645    553
     475    5.37987 9.565e-01   0.04847 2.020e-04    6.38506    11.801    0.956416    584
    [checkpoint 500]  e@8 0.4164  e@368 1.8405  nRMSE@8 0.3997  nRMSE@368 2.6509
     500    5.51054 9.543e-01   0.05327 1.828e-04    6.51826    11.174    0.954187    620
     525    6.19526 9.520e-01   0.05238 1.655e-04    7.19986    11.666    0.951959    650
     550    5.54148 9.498e-01   0.04554 1.518e-04    6.53699     9.575    0.949733    681
     575    4.89457 9.476e-01   0.04007 1.338e-04    5.88238    10.662    0.947510    711
     600    5.96566 9.454e-01   0.04453 1.157e-04    6.95568    11.135    0.945289    744
     625    4.87731 9.432e-01   0.04102 9.712e-05    5.86158    11.003    0.943072    776
     650    4.91817 9.409e-01   0.03645 8.503e-05    5.89565    13.175    0.940857    807
     675    4.98672 9.387e-01   0.03952 7.131e-05    5.96505    12.348    0.938647    838
     700    3.99958 9.365e-01   0.02929 6.294e-05    4.96546    11.268    0.936440    872
     725    4.24308 9.343e-01   0.03532 5.425e-05    5.21277     7.794    0.934237    903
     750    4.82585 9.321e-01   0.03359 4.819e-05    5.79161    10.106    0.932039    936
     775    4.38074 9.299e-01   0.03154 4.270e-05    5.34226     9.771    0.929845    968
     800    4.12041 9.277e-01   0.03014 3.856e-05    5.07833    12.499    0.927656   1000
     825    3.09509 9.256e-01   0.02567 3.391e-05    4.04635    10.603    0.925472   1033
     850    3.68610 9.234e-01   0.02764 3.149e-05    4.63715    10.609    0.923292   1065
     875    3.60475 9.212e-01   0.03084 2.958e-05    4.55682    11.649    0.921117   1099
     900    3.14477 9.190e-01   0.02358 2.757e-05    4.08741    11.733    0.918948   1132
     925    3.33655 9.169e-01   0.02782 2.645e-05    4.28127     9.881    0.916783   1166
     950    3.51014 9.147e-01   0.02850 2.407e-05    4.45337    11.352    0.914624   1199
     975    3.75193 9.126e-01   0.02915 2.398e-05    4.69366    11.687    0.912470   1233
    1000    3.54488 9.104e-01   0.02355 2.263e-05    4.47886    13.205    0.910321   1266
    1025    3.71666 9.083e-01   0.02677 2.067e-05    4.65171     9.998    0.908178   1300
    1050    3.57128 9.061e-01   0.02260 2.065e-05    4.50002    11.454    0.906040   1334
    1075    3.71900 9.040e-01   0.02342 1.950e-05    4.64643    11.435    0.903907   1368
    1100    2.39626 9.019e-01   0.01936 1.895e-05    3.31750    15.305    0.901780   1402
    1125    2.37617 8.997e-01   0.01908 1.768e-05    3.29501    10.853    0.899659   1436
    1150    2.37003 8.976e-01   0.01861 1.789e-05    3.28628     9.695    0.897542   1472
    1175    2.94136 8.955e-01   0.02273 1.675e-05    3.85962     9.364    0.895432   1506
    1200    2.95335 8.934e-01   0.02078 1.567e-05    3.86755     7.571    0.893327   1540
    1225    2.43336 8.913e-01   0.01898 1.565e-05    3.34367    10.005    0.891227   1575
    1250    3.04202 8.892e-01   0.02211 1.506e-05    3.95337     8.832    0.889134   1610
    1275    2.68708 8.871e-01   0.02019 1.461e-05    3.59441    11.680    0.887045   1645
    1300    3.14146 8.850e-01   0.01718 1.438e-05    4.04371     9.611    0.884962   1680
    1325    2.82884 8.830e-01   0.02002 1.347e-05    3.73184    12.335    0.882885   1716
    1350    2.88027 8.809e-01   0.01740 1.377e-05    3.77857     9.898    0.880814   1751
    1375    2.28934 8.788e-01   0.01560 1.337e-05    3.18378    10.107    0.878748   1787
    1400    2.20087 8.768e-01   0.01691 1.335e-05    3.09456    10.065    0.876687   1822
    1425    2.66537 8.747e-01   0.01733 1.269e-05    3.55743    12.567    0.874632   1858
    1450    2.65535 8.727e-01   0.01775 1.266e-05    3.54578     8.773    0.872583   1894
    1475    2.49118 8.706e-01   0.01641 1.192e-05    3.37823     7.641    0.870539   1930
    1500    2.16165 8.686e-01   0.01462 1.081e-05    3.04487    13.028    0.868501   1965
    1525    2.51109 8.665e-01   0.01361 1.243e-05    3.39127     9.332    0.866468   2001
    1550    2.45547 8.645e-01   0.01681 9.798e-06    3.33681     9.376    0.864441   2037
    1575    2.09964 8.625e-01   0.01398 9.978e-06    2.97613    10.408    0.862419   2073
    1600    2.54022 8.605e-01   0.01631 9.191e-06    3.41702    11.767    0.860403   2109
    1625    2.41129 8.585e-01   0.01605 8.628e-06    3.28582     8.635    0.858392   2145
    1650    2.25780 8.565e-01   0.01227 9.586e-06    3.12655     8.093    0.856387   2181
    1675    1.82117 8.545e-01   0.01360 8.455e-06    2.68925     9.655    0.854387   2217
    1700    1.99510 8.525e-01   0.01629 8.263e-06    2.86388     9.250    0.852393   2252
    1725    2.27256 8.505e-01   0.01372 8.361e-06    3.13678     9.188    0.850404   2289
    1750    1.78743 8.485e-01   0.01027 7.584e-06    2.64621     8.281    0.848420   2325
    1775    1.64142 8.465e-01   0.01171 7.171e-06    2.49966     8.004    0.846442   2362
    1800    1.88353 8.445e-01   0.01451 6.934e-06    2.74259    10.455    0.844469   2398
    1825    1.92772 8.426e-01   0.01244 6.427e-06    2.78275     9.395    0.842502   2434
    1850    2.18388 8.406e-01   0.01037 7.575e-06    3.03488    10.206    0.840539   2471
    1875    2.07901 8.387e-01   0.01266 8.296e-06    2.93034    12.398    0.838582   2507
    1900    2.01161 8.367e-01   0.01201 6.929e-06    2.86033    12.148    0.836631   2542
    1925    2.03271 8.348e-01   0.01273 6.385e-06    2.88020     7.573    0.834684   2580
    1950    2.16762 8.328e-01   0.01487 5.881e-06    3.01532    10.445    0.832743   2616
    1975    1.97882 8.309e-01   0.01216 6.331e-06    2.82187    10.078    0.830807   2653
    2000    1.55966 8.290e-01   0.00985 5.777e-06    2.39847     7.767    0.828877   2690
    2025    1.86951 8.270e-01   0.00996 5.805e-06    2.70650    11.050    0.826951   2726
    2050    1.66650 8.251e-01   0.01044 5.566e-06    2.50205     9.723    0.825031   2762
    2075    1.64372 8.232e-01   0.00924 5.031e-06    2.47616    10.844    0.823116   2799
    2100    1.57031 8.213e-01   0.00804 6.069e-06    2.39964     7.880    0.821206   2835
    2125    1.45773 8.194e-01   0.00877 4.910e-06    2.28588     8.335    0.819301   2871
    2150    1.55038 8.175e-01   0.00756 4.908e-06    2.37541    10.452    0.817401   2907
    2175    1.48832 8.156e-01   0.00738 4.696e-06    2.31129     7.859    0.815506   2943
    2200    2.19871 8.137e-01   0.01122 5.695e-06    3.02362    11.982    0.813617   2980
    2225    1.55761 8.118e-01   0.00946 4.659e-06    2.37888    11.460    0.811732   3016
    2250    1.48717 8.099e-01   0.00674 4.890e-06    2.30384     9.180    0.809852   3053
    2275    1.60853 8.081e-01   0.00962 4.583e-06    2.42620     8.666    0.807977   3089
    2300    1.58763 8.062e-01   0.00664 4.980e-06    2.40045     7.446    0.806108   3125
    2325    1.87795 8.043e-01   0.00953 4.706e-06    2.69181     9.246    0.804243   3161
    2350    1.32291 8.025e-01   0.00669 4.988e-06    2.13206    11.172    0.802383   3198
    2375    1.70607 8.006e-01   0.01087 5.536e-06    2.51755     8.242    0.800528   3234
    2400    1.47575 7.988e-01   0.00781 4.219e-06    2.28232     7.524    0.798678   3270
    2425    1.48777 7.969e-01   0.00845 4.387e-06    2.29313    10.584    0.796833   3306
    2450    1.33909 7.951e-01   0.00746 5.567e-06    2.14162     7.815    0.794992   3342
    2475    1.18523 7.932e-01   0.00597 4.281e-06    1.98444    10.998    0.793157   3378
    2499    1.55461 7.915e-01   0.00845 4.434e-06    2.35454    14.350    0.791399   3413
    [checkpoint 2500]  e@8 0.3285  e@368 1.0096  nRMSE@8 0.2867  nRMSE@368 1.1123

----------------------------------------------------------------------------------
  wall clock 0.95 h (1.367 s/iter)
  final: state 1.5546e+00  bound 7.9147e-01  contact 8.4544e-03  termination 4.4343e-06
  grad norm: mean 11.295  median 10.816  p99 23.906  max 52.917
  spikes (>5x trailing 50-median): 0
  collapse fit: d(log_delta)/d(iter) = -9.3621e-05 +- 2.61e-08   (lr 0.0001, rate/lr 0.94)
    exp(log_delta): 0.999900 -> 0.791399
    iterations implied to reach the checkpoint's -14.4629: 154,483
  state-loss slope over the final 250 iterations: -3.893e-04 per iter  (still falling)

  wrote results/step5_armA_seed2.json
  weights in runs/armA_seed2 (gitignored)
