==================================================================================
STEP 4 / 4 -- OVERFIT ONE BATCH  (ensemble 1, batch 32, cap 2000 iters / 100000 s)
==================================================================================
  one fixed batch of 32 windows drawn from 7687 training windows
  fresh random init, 1,417,789 parameters
  optimizer Adam lr=0.001 weight_decay=1e-05

  collapse monitor at init: exp(log_delta) 1.000000   exp(min_logstd) 6.737947e-03
  PREDICTION: exp(log_delta) falls monotonically toward 0

    iter       state      bound    contact    termin       total  exp(logdel)       s
       0   41.871338  1.000e+00   0.685726 7.065e-01   44.263557     0.999000       0
      25    7.060672  9.760e-01   0.122728 3.796e-05    8.159407     0.975025       9
      50    3.942659  9.530e-01   0.057582 1.586e-05    4.953300     0.952175      14
      75    2.718266  9.319e-01   0.049304 1.609e-05    3.699531     0.931114      20
     100    1.997193  9.113e-01   0.039074 1.760e-05    2.947632     0.910530      26
     125    1.866128  8.911e-01   0.022008 1.342e-05    2.779270     0.890322      31
     150    1.250866  8.714e-01   0.013530 3.826e-06    2.135756     0.870574      36
     175    0.995978  8.521e-01   0.006974 3.208e-06    1.855049     0.851333      41
     200    1.048104  8.334e-01   0.003295 2.170e-06    1.884759     0.832619      46
     225    0.699729  8.152e-01   0.001789 1.746e-06    1.516671     0.814434      53
     250    1.166530  7.975e-01   0.001089 1.479e-06    1.965093     0.796776      58
     275    0.534820  7.803e-01   0.000728 1.304e-06    1.315859     0.779635      64
     300    0.533827  7.637e-01   0.000525 1.155e-06    1.298007     0.762998      69
     325    0.433655  7.475e-01   0.000404 1.034e-06    1.181548     0.746851      75
     350    0.379188  7.318e-01   0.000327 9.011e-07    1.111313     0.731178      80
     375    0.383282  7.166e-01   0.000272 8.284e-07    1.100120     0.715965      88
     400    0.314091  7.018e-01   0.000234 7.907e-07    1.016104     0.701196      94
     425    0.293022  6.874e-01   0.000205 7.614e-07    0.980649     0.686855     100
     450    0.293755  6.735e-01   0.000183 7.502e-07    0.967416     0.672928     106
     475    0.260031  6.599e-01   0.000164 7.460e-07    0.920129     0.659398     111
     500    0.294760  6.468e-01   0.000148 7.451e-07    0.941680     0.646253     116
     525    0.218082  6.340e-01   0.000131 7.432e-07    0.852197     0.633479     124
     550    0.206715  6.216e-01   0.000116 7.423e-07    0.828383     0.621060     131
     575    0.196464  6.095e-01   0.000102 7.409e-07    0.806030     0.608986     136
     600    0.218057  5.977e-01   0.000091 7.409e-07    0.815856     0.597244     142
     625    0.175291  5.863e-01   0.000083 7.404e-07    0.761647     0.585821     148
     650    0.155906  5.751e-01   0.000076 7.381e-07    0.731127     0.574706     154
     675    0.159484  5.643e-01   0.000071 7.362e-07    0.723872     0.563889     160
     700    0.143716  5.538e-01   0.000067 7.381e-07    0.697558     0.553358     168
     725    0.140862  5.435e-01   0.000063 7.404e-07    0.684435     0.543104     174
     750    0.162539  5.335e-01   0.000061 7.409e-07    0.696113     0.533118     180
     775    0.153118  5.238e-01   0.000058 7.409e-07    0.676950     0.523389     186
     800    0.132051  5.143e-01   0.000056 7.385e-07    0.646391     0.513909     191
     825    0.108534  5.050e-01   0.000055 7.362e-07    0.613624     0.504669     197
     850    0.121714  4.960e-01   0.000053 7.357e-07    0.617785     0.495662     204
     875    0.101799  4.872e-01   0.000051 7.362e-07    0.589078     0.486879     212
     900    0.098065  4.787e-01   0.042982 6.841e-07    0.619700     0.478313     217
     925    0.092330  4.703e-01   0.009286 1.141e-07    0.571904     0.469957     223
     950    0.089444  4.621e-01   0.003412 8.428e-08    0.554982     0.461804     229
     975    0.095362  4.542e-01   0.001887 2.082e-07    0.551411     0.453847     235
    1000    1.511890  4.464e-01   0.001149 4.442e-07    1.959427     0.446080     241
    1025    0.159419  4.388e-01   0.000760 6.636e-07    0.598977     0.438497     248
    1050    0.089642  4.314e-01   0.000546 8.009e-07    0.521573     0.431092     256
    1075    0.079995  4.241e-01   0.000420 9.057e-07    0.504561     0.423859     262
    1100    0.070790  4.171e-01   0.000339 1.001e-06    0.488202     0.416793     267
    1125    0.069715  4.102e-01   0.000284 1.069e-06    0.480162     0.409890     273
    1150    0.067163  4.034e-01   0.000244 1.099e-06    0.470819     0.403143     279
    1175    0.061693  3.968e-01   0.000215 1.107e-06    0.458718     0.396548     286
    1200    0.061574  3.904e-01   0.000192 1.123e-06    0.452123     0.390100     294
    1225    0.057944  3.840e-01   0.000174 1.121e-06    0.442164     0.383795     300
    1250    0.059528  3.779e-01   0.000159 1.117e-06    0.437562     0.377630     307
    1275    0.060136  3.718e-01   0.000144 1.108e-06    0.432117     0.371598     313
    1300    0.053660  3.659e-01   0.000127 1.090e-06    0.419721     0.365698     319
    1325    0.053076  3.602e-01   0.000113 1.074e-06    0.413343     0.359924     326
    1350    0.060343  3.545e-01   0.000101 1.067e-06    0.414943     0.354273     335
    1375    0.053275  3.490e-01   0.000091 1.061e-06    0.402328     0.348743     341
    1400    0.052005  3.435e-01   0.000084 1.055e-06    0.395632     0.343328     347
    1425    0.053014  3.382e-01   0.000078 1.058e-06    0.391329     0.338026     353
    1450    0.143870  3.330e-01   0.000073 1.050e-06    0.476984     0.332834     359
    1475    0.055451  3.280e-01   0.000070 1.045e-06    0.383472     0.327749     367
    1500    0.043932  3.230e-01   0.000066 1.039e-06    0.366964     0.322768     375
    1525    0.041922  3.181e-01   0.000064 1.042e-06    0.360068     0.317888     382
    1550    0.042185  3.133e-01   0.000061 1.038e-06    0.355542     0.313106     388
    1575    0.038940  3.086e-01   0.000059 1.037e-06    0.347605     0.308419     395
    1600    0.039071  3.040e-01   0.000058 1.035e-06    0.343136     0.303825     401
    1625    0.038136  2.995e-01   0.000056 1.029e-06    0.337693     0.299322     410
    1650    0.039317  2.951e-01   0.000055 1.029e-06    0.334455     0.294907     417
    1675    0.038937  2.907e-01   0.000054 1.029e-06    0.329741     0.290578     425
    1700    0.036650  2.865e-01   0.000053 1.026e-06    0.323204     0.286333     431
    1725    0.036036  2.823e-01   0.000052 1.023e-06    0.318422     0.282169     437
    1750    0.037018  2.782e-01   0.000051 1.023e-06    0.315315     0.278084     443
    1775    0.034776  2.742e-01   0.000050 1.019e-06    0.309062     0.274077     453
    1800    0.034410  2.703e-01   0.000049 1.014e-06    0.304761     0.270145     459
    1825    0.034110  2.664e-01   0.000049 1.012e-06    0.300598     0.266286     465
    1850    0.030979  2.626e-01   0.000048 1.010e-06    0.293677     0.262499     472
    1875    0.033642  2.589e-01   0.000047 1.006e-06    0.292621     0.258782     478
    1900    0.032680  2.553e-01   0.000047 1.004e-06    0.288006     0.255134     486
    1925    0.029671  2.517e-01   0.000046 1.007e-06    0.281412     0.251551     495
    1950    0.031800  2.482e-01   0.000046 1.010e-06    0.280020     0.248034     502
    1975    0.032035  2.447e-01   0.000045 1.008e-06    0.276798     0.244580     509
    1999    0.027802  2.415e-01   0.000045 1.008e-06    0.269305     0.241322     515

----------------------------------------------------------------------------------
  ran 2001 iterations in 515 s (0.26 s/iter)
  did NOT reach 0.0001; final state loss 0.027802  (from 41.871338, 99.9% reduction)

  did each of the seven terms move?
    term                   first          last        change  moved?
    state              4.187e+01     2.780e-02    -4.184e+01  True
    sequence           0.000e+00     0.000e+00    +0.000e+00  False  <- expected exactly 0 (inert term)
    bound              1.000e+00     2.415e-01    -7.585e-01  True
    kl                 0.000e+00     0.000e+00    +0.000e+00  False  <- expected exactly 0 (inert term)
    extension          0.000e+00     0.000e+00    +0.000e+00  False  <- expected exactly 0 (inert term)
    contact            6.857e-01     4.497e-05    -6.857e-01  True
    termination        7.065e-01     1.008e-06    -7.065e-01  True  <- expected ~0: target all-zero (D-03/X-04)

  collapse monitor (1b):
      iter   exp(log_delta)   exp(min_logstd)
         0         0.999000      6.737202e-03
       150         0.870574      6.497642e-03
       300         0.762998      6.394936e-03
       450         0.672928      6.264845e-03
       600         0.597244      6.117857e-03
       750         0.533118      5.959117e-03
       900         0.478313      5.794391e-03
      1050         0.431092      5.627624e-03
      1200         0.390100      5.462649e-03
      1350         0.354273      5.298868e-03
      1500         0.322768      5.137587e-03
      1650         0.294907      4.981888e-03
      1800         0.270145      4.830223e-03
      1950         0.248034      4.684291e-03

    exp(log_delta): 0.999000 -> 0.241322   monotonically decreasing: True
    PREDICTION CONFIRMED -- the interval is closing even on a single batch
    released checkpoint sits at exp(log_delta) = 5.23e-07 (C-10); we are at 2.413e-01 after 2001 iterations

  wrote figures/step4_overfit_b32lr1e3.png
