==================================================================================
STEP 5 MAIN RUN -- armB_seed1
==================================================================================
  arm B: state branch feeds back the TRUE next state (teacher forcing)
  auxiliary branch: teacher-forced in BOTH arms (system_dynamics.py:264)
  ensemble 1, batch 256, lr 0.0001, weight_decay 1e-05, 2500 iterations
  action alignment: causal, offset=1 (X-05)
  gradient clipping: NONE -- the reference has none in this path (5.7a)
  7687 training windows from episodes [0, 2, 3, 4, 5, 6, 7, 9]

    iter      state     bound   contact    termin      total    |grad| exp(logdel)      s
       0    7.07166 1.000e+00   0.69361 6.640e-01    9.42927     2.186    0.999900      1
      25    6.85257 9.975e-01   0.60264 2.784e-01    8.73116     1.653    0.997404     35
      50    5.70848 9.950e-01   0.39124 1.246e-02    7.10719     1.176    0.994917     69
      75    5.17035 9.925e-01   0.35271 4.053e-03    6.51965     1.173    0.992440    102
     100    5.00806 9.901e-01   0.33129 2.946e-03    6.33237     1.036    0.989975    136
     125    4.83094 9.876e-01   0.28479 2.490e-03    6.10584     1.163    0.987520    169
     150    3.92050 9.852e-01   0.19763 2.296e-03    5.10561     1.259    0.985083    203
     175    3.31202 9.828e-01   0.12416 2.247e-03    4.42120     1.263    0.982681    238
     200    2.97340 9.804e-01   0.08902 2.026e-03    4.04484     1.697    0.980306    273
     225    2.67182 9.780e-01   0.07335 1.631e-03    3.72484     1.320    0.977941    309
     250    2.48883 9.757e-01   0.07002 1.240e-03    3.53576     1.384    0.975579    346
     275    2.71892 9.733e-01   0.06654 9.765e-04    3.75975     3.303    0.973220    380
     300    2.26649 9.710e-01   0.05718 8.005e-04    3.29543     1.495    0.970865    413
     325    2.29548 9.686e-01   0.05815 6.776e-04    3.32292     2.074    0.968515    447
     350    2.61159 9.663e-01   0.06816 5.625e-04    3.64658     1.581    0.966169    481
     375    1.93481 9.639e-01   0.05540 4.824e-04    2.95462     1.672    0.963829    514
     400    1.92925 9.616e-01   0.05110 4.372e-04    2.94237     1.949    0.961495    548
     425    1.46266 9.593e-01   0.04606 3.876e-04    2.46837     2.066    0.959167    581
     450    1.48907 9.569e-01   0.04811 3.540e-04    2.49446     2.784    0.956844    615
     475    1.48986 9.546e-01   0.04494 3.254e-04    2.48975     2.762    0.954528    649
    [checkpoint 500]  e@8 0.4475  e@368 5.5894  nRMSE@8 0.3910  nRMSE@368 6.3305
     500    1.71940 9.523e-01   0.04992 2.987e-04    2.72193     1.663    0.952219    687
     525    1.54323 9.500e-01   0.05192 2.663e-04    2.54543     2.193    0.949916    721
     550    1.41616 9.477e-01   0.04199 2.625e-04    2.40613     1.265    0.947620    754
     575    2.18395 9.454e-01   0.04795 2.498e-04    3.17757     1.774    0.945330    788
     600    1.67616 9.431e-01   0.04567 2.337e-04    2.66520     1.651    0.943047    821
     625    1.36950 9.409e-01   0.03910 2.324e-04    2.34969     2.391    0.940771    854
     650    1.25735 9.386e-01   0.03581 2.145e-04    2.23197     2.455    0.938502    889
     675    1.29248 9.363e-01   0.03556 2.005e-04    2.26458     1.844    0.936240    922
     700    1.23877 9.341e-01   0.03295 1.920e-04    2.20599     1.854    0.933984    959
     725    1.29596 9.318e-01   0.03227 1.787e-04    2.26024     2.103    0.931736    994
     750    1.14694 9.296e-01   0.03156 1.625e-04    2.10825     2.338    0.929494   1027
     775    1.22911 9.273e-01   0.02906 1.543e-04    2.18568     4.447    0.927259   1061
     800    1.65584 9.251e-01   0.03403 1.449e-04    2.61514     2.436    0.925031   1094
     825    1.44251 9.229e-01   0.03078 1.328e-04    2.39632     5.598    0.922810   1127
     850    1.08669 9.207e-01   0.02651 1.245e-04    2.03401     5.162    0.920596   1160
     875    1.10489 9.185e-01   0.02738 1.206e-04    2.05086     2.842    0.918388   1194
     900    0.90382 9.163e-01   0.02423 1.162e-04    1.84444     3.023    0.916187   1228
     925    1.08017 9.141e-01   0.02784 1.101e-04    2.02220     1.555    0.913993   1262
     950    0.93288 9.119e-01   0.02443 1.044e-04    1.86931     3.105    0.911806   1295
     975    1.02021 9.097e-01   0.02584 9.898e-05    1.95586     2.916    0.909626   1328
    1000    0.98886 9.075e-01   0.02222 9.829e-05    1.91872     4.439    0.907452   1362
    1025    1.16514 9.054e-01   0.02656 9.217e-05    2.09716     3.525    0.905285   1395
    1050    1.03644 9.032e-01   0.02292 9.142e-05    1.96266     3.053    0.903125   1429
    1075    1.19975 9.011e-01   0.02689 8.249e-05    2.12778     3.174    0.900971   1462
    1100    0.76217 8.989e-01   0.02003 8.361e-05    1.68119     1.679    0.898824   1496
    1125    0.83446 8.968e-01   0.02319 7.538e-05    1.75449     2.026    0.896683   1530
    1150    1.08932 8.946e-01   0.02387 8.163e-05    2.00791     3.294    0.894549   1563
    1175    0.88738 8.925e-01   0.02071 7.415e-05    1.80068     2.216    0.892422   1596
    1200    1.06470 8.904e-01   0.02085 7.416e-05    1.97600     2.023    0.890301   1629
    1225    1.00252 8.883e-01   0.01999 6.797e-05    1.91085     3.179    0.888186   1664
    1250    0.97844 8.862e-01   0.02197 6.525e-05    1.88664     1.249    0.886078   1697
    1275    0.78205 8.841e-01   0.01876 6.523e-05    1.68494     3.163    0.883976   1730
    1300    0.78293 8.820e-01   0.01851 6.486e-05    1.68347     1.798    0.881880   1764
    1325    0.89420 8.799e-01   0.01905 6.259e-05    1.79319     1.737    0.879791   1798
    1350    0.64932 8.778e-01   0.01495 6.784e-05    1.54213     5.294    0.877708   1832
    1375    0.76243 8.757e-01   0.01445 5.995e-05    1.65265     2.083    0.875631   1865
    1400    0.71762 8.736e-01   0.01685 5.408e-05    1.60817     2.941    0.873561   1899
    1425    0.78867 8.716e-01   0.01558 6.007e-05    1.67589     2.495    0.871497   1932
    1450    0.63368 8.695e-01   0.01366 5.429e-05    1.51692     1.489    0.869438   1966
    1475    0.72667 8.675e-01   0.01606 5.223e-05    1.61025     5.059    0.867386   1999
    1500    0.58384 8.654e-01   0.01262 5.111e-05    1.46193     2.528    0.865340   2033
    1525    0.86410 8.634e-01   0.01749 5.298e-05    1.74502     3.174    0.863300   2067
    1550    0.72569 8.613e-01   0.01596 4.972e-05    1.60305     1.920    0.861266   2101
    1575    0.69457 8.593e-01   0.01595 5.007e-05    1.56990     4.789    0.859238   2134
    1600    0.69563 8.573e-01   0.01412 5.728e-05    1.56710     2.743    0.857216   2168
    1625    0.61118 8.553e-01   0.01209 4.142e-05    1.47859     1.641    0.855200   2201
    1650    0.77569 8.533e-01   0.01582 4.261e-05    1.64483     4.970    0.853190   2234
    1675    0.73441 8.513e-01   0.01492 3.999e-05    1.60064     2.482    0.851186   2268
    1700    0.59857 8.493e-01   0.01132 3.652e-05    1.45920     1.912    0.849187   2300
    1725    0.58956 8.473e-01   0.01087 3.533e-05    1.44774     3.530    0.847194   2335
    1750    0.66103 8.453e-01   0.01342 3.398e-05    1.51978     2.641    0.845207   2368
    1775    0.73594 8.433e-01   0.01477 3.461e-05    1.59406     2.442    0.843226   2401
    1800    0.56259 8.413e-01   0.01374 3.023e-05    1.41769     4.601    0.841250   2435
    1825    0.56774 8.394e-01   0.01190 3.897e-05    1.41904     2.783    0.839280   2467
    1850    0.65320 8.374e-01   0.01264 4.343e-05    1.50327     2.926    0.837316   2500
    1875    0.53875 8.354e-01   0.01025 2.827e-05    1.38446     1.909    0.835357   2533
    1900    0.53907 8.335e-01   0.01240 2.527e-05    1.38498     2.298    0.833404   2565
    1925    0.46076 8.315e-01   0.01021 2.406e-05    1.30253     2.845    0.831456   2598
    1950    0.51674 8.296e-01   0.01187 2.484e-05    1.35823     1.351    0.829514   2631
    1975    0.56627 8.277e-01   0.01160 2.668e-05    1.40555     3.273    0.827578   2663
    2000    0.47552 8.257e-01   0.00983 2.406e-05    1.31110     3.523    0.825647   2697
    2025    0.57266 8.238e-01   0.01035 3.918e-05    1.40685     2.536    0.823721   2729
    2050    0.54282 8.219e-01   0.00909 2.171e-05    1.37381     2.089    0.821800   2762
    2075    0.58559 8.200e-01   0.01005 2.128e-05    1.41562     2.078    0.819886   2794
    2100    0.50065 8.181e-01   0.01003 1.968e-05    1.32876     3.623    0.817976   2826
    2125    0.56530 8.161e-01   0.01055 2.074e-05    1.39201     1.533    0.816072   2859
    2150    0.55554 8.142e-01   0.01023 2.226e-05    1.38004     3.564    0.814173   2891
    2175    0.47272 8.124e-01   0.01027 1.854e-05    1.29537     3.045    0.812279   2923
    2200    0.53184 8.105e-01   0.00954 1.835e-05    1.35186     2.750    0.810390   2955
    2225    0.43976 8.086e-01   0.00831 1.680e-05    1.25667     2.618    0.808507   2987
    2250    0.46202 8.067e-01   0.00910 1.781e-05    1.27784     2.418    0.806629   3019
    2275    0.51136 8.048e-01   0.00851 3.446e-05    1.32473     1.479    0.804756   3051
    2300    0.41644 8.030e-01   0.00645 1.574e-05    1.22587     2.027    0.802888   3083
    2325    0.48450 8.011e-01   0.00768 2.620e-05    1.29330     2.423    0.801025   3115
    2350    0.45612 7.992e-01   0.00753 1.483e-05    1.26291     1.686    0.799167   3146
    2375    0.50359 7.974e-01   0.00828 1.450e-05    1.30928     1.647    0.797315   3178
    2400    0.41543 7.955e-01   0.00698 2.207e-05    1.21798     3.643    0.795467   3209
    2425    0.43868 7.937e-01   0.00705 1.389e-05    1.23944     3.348    0.793624   3250
    2450    0.40202 7.919e-01   0.00718 1.314e-05    1.20107     3.916    0.791787   3286
    2475    0.54807 7.900e-01   0.00938 1.165e-05    1.34749     1.679    0.789954   3322
    2499    0.45441 7.883e-01   0.00756 1.246e-05    1.25026     1.977    0.788199   3358
    [checkpoint 2500]  e@8 0.3713  e@368 3.7147  nRMSE@8 0.3337  nRMSE@368 4.4602

----------------------------------------------------------------------------------
  wall clock 0.93 h (1.345 s/iter)
  final: state 4.5441e-01  bound 7.8827e-01  contact 7.5587e-03  termination 1.2461e-05
  grad norm: mean 2.468  median 2.221  p99 5.896  max 7.572
  spikes (>5x trailing 50-median): 0
  collapse fit: d(log_delta)/d(iter) = -9.5099e-05 +- 7.50e-08   (lr 0.0001, rate/lr 0.95)
    exp(log_delta): 0.999900 -> 0.788199
    iterations implied to reach the checkpoint's -14.4629: 152,082
  state-loss slope over the final 250 iterations: -2.101e-04 per iter  (still falling)

  wrote results/step5_armB_seed1.json
  weights in runs/armB_seed1 (gitignored)
