==================================================================================
STEP 5 MAIN RUN -- armA_seed0_10k
==================================================================================
  arm A: state branch feeds back its own SAMPLE (autoregressive, faithful)
  auxiliary branch: teacher-forced in BOTH arms (system_dynamics.py:264)
  ensemble 1, batch 256, lr 0.0001, weight_decay 1e-05, 10000 iterations
  action alignment: causal, offset=1 (X-05)
  gradient clipping: NONE -- the reference has none in this path (5.7a)
  7687 training windows from episodes [0, 2, 3, 4, 5, 6, 7, 9]

    iter      state     bound   contact    termin      total    |grad| exp(logdel)      s
       0   47.63628 1.000e+00   0.68669 7.043e-01   50.02722    53.088    0.999900      2
      25   33.43483 9.975e-01   0.59033 2.818e-01   35.30444    23.407    0.997428     31
      50   27.20879 9.951e-01   0.39998 1.593e-02   28.61976    18.146    0.994962     63
      75   21.22186 9.926e-01   0.34701 5.102e-03   22.56658    17.162    0.992514     97
     100   15.36695 9.902e-01   0.30506 3.818e-03   16.66600    13.281    0.990077    129
     125   16.07472 9.878e-01   0.22771 3.664e-03   17.29385    13.172    0.987663    152
     150   12.22818 9.854e-01   0.14245 3.464e-03   13.35947    17.099    0.985283    175
     175   12.59744 9.831e-01   0.10173 2.772e-03   13.68501    11.511    0.982987    199
     200   12.82781 9.809e-01   0.08200 2.359e-03   13.89304    16.155    0.980787    223
     225   10.04227 9.787e-01   0.07346 1.747e-03   11.09618    12.770    0.978612    245
     250   10.28933 9.765e-01   0.07172 1.352e-03   11.33891    11.000    0.976428    268
     275   10.49264 9.743e-01   0.06990 1.138e-03   11.53800    13.830    0.974231    292
     300    9.35326 9.721e-01   0.07282 8.997e-04   10.39909    13.312    0.972023    316
     325    8.01599 9.699e-01   0.06300 7.794e-04    9.04967    13.649    0.969808    340
     350    7.53989 9.677e-01   0.05050 7.082e-04    8.55878    14.253    0.967586    364
     375    7.84008 9.654e-01   0.05610 6.012e-04    8.86223    12.528    0.965360    396
     400    6.06045 9.632e-01   0.05154 5.342e-04    7.07575    10.498    0.963131    429
     425    7.18890 9.610e-01   0.05975 4.866e-04    8.21013    12.618    0.960901    461
     450    6.61124 9.588e-01   0.05486 4.451e-04    7.62531    13.611    0.958669    499
     475    5.31548 9.565e-01   0.05259 4.044e-04    6.32501    11.829    0.956438    537
    [checkpoint 500]  e@8 0.3995  e@368 2.5589  nRMSE@8 0.3643  nRMSE@368 3.5351
     500    6.10936 9.543e-01   0.05367 3.731e-04    7.11770    10.635    0.954207    576
     525    4.80104 9.521e-01   0.04687 3.277e-04    5.80030    12.700    0.951978    611
     550    8.25384 9.498e-01   0.06243 2.813e-04    9.26640    12.999    0.949751    645
     575    5.78035 9.476e-01   0.05321 2.491e-04    6.78143    12.055    0.947526    678
     600    5.76366 9.454e-01   0.04588 2.186e-04    6.75515    12.857    0.945304    709
     625    5.04940 9.432e-01   0.04792 1.970e-04    6.04069    15.376    0.943085    746
     650    4.37952 9.410e-01   0.03923 1.775e-04    5.35988    11.439    0.940870    780
     675    4.69907 9.387e-01   0.04477 1.623e-04    5.68275    12.152    0.938658    814
     700    3.82385 9.365e-01   0.03650 1.501e-04    4.79704    11.833    0.936450    851
