==================================================================================
STEP 5 MAIN RUN -- armA_seed2_contam
==================================================================================
  arm A: state branch feeds back its own SAMPLE (autoregressive, faithful)
  auxiliary branch: teacher-forced in BOTH arms (system_dynamics.py:264)
  ensemble 1, batch 256, lr 0.0001, weight_decay 1e-05, 2500 iterations
  action alignment: causal, offset=1 (X-05)
  gradient clipping: NONE -- the reference has none in this path (5.7a)
  CONTAMINATION ARM: 7687 clean + 195 splice = 7882 windows (2.47% contaminated)

    iter      state     bound   contact    termin      total    |grad| exp(logdel)      s
       0   49.79512 1.000e+00   0.68650 6.865e-01   52.16810    50.843    0.999900      1
      25   34.93516 9.975e-01   0.58567 2.513e-01   36.76970    24.652    0.997424     24
      50   29.47948 9.951e-01   0.39444 9.918e-03   30.87889    21.852    0.994954     49
      75   21.83073 9.926e-01   0.35466 3.373e-03   23.18137    15.308    0.992500     72
     100   17.65018 9.902e-01   0.33184 2.447e-03   18.97462    14.051    0.990059     96
     125   14.58146 9.877e-01   0.28270 2.242e-03   15.85414    13.154    0.987638    119
     150   14.56869 9.853e-01   0.20187 2.571e-03   15.75847    16.484    0.985255    143
     175   12.66847 9.830e-01   0.13040 2.342e-03   13.78426    16.533    0.982954    167
     200   10.78593 9.808e-01   0.08736 1.927e-03   11.85604    15.140    0.980743    190
     225   10.83846 9.786e-01   0.07852 1.459e-03   11.89708    12.280    0.978562    214
     250   12.87116 9.765e-01   0.08014 1.023e-03   13.92878    13.719    0.976377    237
     275   10.10248 9.743e-01   0.07123 7.521e-04   11.14874    13.454    0.974182    260
     300    9.93251 9.721e-01   0.06251 6.016e-04   10.96769    13.953    0.971976    284
     325    8.56348 9.699e-01   0.06074 4.782e-04    9.59455    14.870    0.969762    307
     350    7.53844 9.676e-01   0.06034 3.834e-04    8.56679    12.538    0.967543    331
     375    6.92472 9.654e-01   0.05107 3.289e-04    7.94152    11.921    0.965319    354
     400    8.84778 9.632e-01   0.06659 2.929e-04    9.87784    15.567    0.963091    377
     425    7.27898 9.610e-01   0.05843 2.564e-04    8.29862    11.918    0.960863    401
     450    7.38404 9.587e-01   0.05891 2.268e-04    8.40190    11.643    0.958633    424
     475    7.29151 9.565e-01   0.05509 2.009e-04    8.30330    13.438    0.956403    447
    [checkpoint 500]  e@8 0.4225  e@368 2.7387  nRMSE@8 0.3801  nRMSE@368 5.3537
     500    6.58874 9.543e-01   0.05279 1.857e-04    7.59598    10.831    0.954174    474
     525    7.31662 9.520e-01   0.05629 1.690e-04    8.32510    13.598    0.951946    498
     550    5.88791 9.498e-01   0.05006 1.540e-04    6.88794    14.735    0.949720    522
     575    5.70876 9.476e-01   0.03941 1.382e-04    6.69589    12.120    0.947497    545
     600    5.72599 9.454e-01   0.04699 1.174e-04    6.71845    11.976    0.945276    568
     625    4.98362 9.431e-01   0.03797 1.027e-04    5.96483    11.432    0.943058    591
     650    5.97229 9.409e-01   0.04252 8.771e-05    6.95583    15.122    0.940844    615
     675    5.37167 9.387e-01   0.04040 7.510e-05    6.35087    11.719    0.938633    639
     700    5.05709 9.365e-01   0.03816 6.454e-05    6.03183    12.681    0.936426    662
     725    5.27503 9.343e-01   0.03449 5.767e-05    6.24389    11.809    0.934224    686
     750    4.45902 9.321e-01   0.03366 5.084e-05    5.42484    11.177    0.932025    710
     775    4.03652 9.299e-01   0.02833 4.691e-05    4.99481    10.460    0.929832    733
     800    3.74522 9.277e-01   0.03196 4.204e-05    4.70495    11.609    0.927642    757
     825    4.31203 9.255e-01   0.03008 3.898e-05    5.26769    10.486    0.925458    781
     850    5.09285 9.234e-01   0.03277 3.535e-05    6.04902    14.014    0.923278    805
     875    4.37148 9.212e-01   0.03357 3.334e-05    5.32627    10.995    0.921103    828
     900    3.85461 9.190e-01   0.02918 3.080e-05    4.80285    12.459    0.918934    852
     925    5.08054 9.169e-01   0.03470 3.047e-05    6.03213    15.282    0.916769    875
     950    4.08680 9.147e-01   0.02920 2.847e-05    5.03073    11.290    0.914610    899
     975    3.62016 9.125e-01   0.02581 2.777e-05    4.55855    16.597    0.912456    922
    1000    4.48067 9.104e-01   0.02816 2.536e-05    5.41925    12.573    0.910307    946
    1025    3.58230 9.082e-01   0.02436 2.585e-05    4.51494    14.086    0.908164    970
    1050    3.33722 9.061e-01   0.02370 2.424e-05    4.26706    12.938    0.906026    994
    1075    3.12559 9.040e-01   0.02458 2.247e-05    4.05417    11.853    0.903893   1017
    1100    3.72083 9.019e-01   0.02489 2.177e-05    4.64759    13.130    0.901766   1041
    1125    3.39644 8.997e-01   0.02294 1.993e-05    4.31913     9.442    0.899645   1065
    1150    3.44132 8.976e-01   0.02526 1.947e-05    4.36422    11.042    0.897529   1089
    1175    3.66620 8.955e-01   0.02457 2.046e-05    4.58630    10.103    0.895418   1113
    1200    4.51621 8.934e-01   0.02327 1.927e-05    5.43289    11.889    0.893313   1136
    1225    3.16172 8.913e-01   0.01894 1.756e-05    4.07198    12.150    0.891214   1160
    1250    3.15554 8.892e-01   0.02038 1.786e-05    4.06513    11.105    0.889120   1184
    1275    3.06447 8.871e-01   0.02219 1.707e-05    3.97380    10.725    0.887031   1208
    1300    4.00011 8.850e-01   0.02266 1.625e-05    4.90782    12.018    0.884949   1232
    1325    2.89950 8.830e-01   0.01672 1.680e-05    3.79919    11.099    0.882871   1256
    1350    2.80046 8.809e-01   0.01611 1.520e-05    3.69747    11.840    0.880800   1280
    1375    3.06407 8.788e-01   0.01800 1.468e-05    3.96090    14.273    0.878734   1305
    1400    3.35279 8.768e-01   0.02012 1.511e-05    4.24968    10.439    0.876673   1329
    1425    3.40853 8.747e-01   0.01622 1.260e-05    4.29946    12.070    0.874619   1352
    1450    2.98118 8.727e-01   0.01701 1.252e-05    3.87085    13.848    0.872569   1377
    1475    2.25987 8.706e-01   0.01454 1.348e-05    3.14503     9.840    0.870525   1401
    1500    3.18855 8.686e-01   0.01818 1.680e-05    4.07532    11.264    0.868487   1426
    1525    2.82582 8.665e-01   0.01624 1.579e-05    3.70861     9.420    0.866454   1449
    1550    3.10171 8.645e-01   0.01816 2.011e-05    3.98439    12.314    0.864427   1473
    1575    2.63407 8.625e-01   0.01610 1.371e-05    3.51267     9.633    0.862406   1497
    1600    2.15538 8.605e-01   0.01448 1.088e-05    3.03034     9.588    0.860389   1521
    1625    3.09790 8.585e-01   0.01832 1.288e-05    3.97469    10.987    0.858379   1546
    1650    3.25952 8.565e-01   0.02029 1.765e-05    4.13628    12.556    0.856373   1570
    1675    2.38497 8.545e-01   0.01502 9.687e-06    3.25446    12.565    0.854374   1594
    1700    1.95343 8.525e-01   0.01274 9.031e-06    2.81863     9.783    0.852379   1618
    1725    2.30615 8.505e-01   0.01121 1.385e-05    3.16784    11.476    0.850390   1642
    1750    2.43755 8.485e-01   0.01206 9.486e-06    3.29810     8.426    0.848407   1667
    1775    2.35505 8.465e-01   0.01418 1.697e-05    3.21575    10.854    0.846428   1691
    1800    2.59452 8.445e-01   0.01641 6.932e-06    3.45547    12.332    0.844456   1715
    1825    2.36573 8.426e-01   0.01274 2.010e-05    3.22107    10.646    0.842488   1740
    1850    2.35996 8.406e-01   0.01051 6.710e-06    3.21108    11.550    0.840526   1764
    1875    2.42487 8.386e-01   0.01568 1.030e-05    3.27920    10.365    0.838569   1788
    1900    1.86457 8.367e-01   0.01028 6.741e-06    2.71156    10.009    0.836617   1812
    1925    2.40536 8.347e-01   0.01258 6.311e-06    3.25270    10.943    0.834671   1836
    1950    1.91304 8.328e-01   0.01108 7.277e-06    2.75693     9.431    0.832730   1860
    1975    2.25175 8.309e-01   0.01200 9.083e-06    3.09463     9.368    0.830794   1884
    2000    2.02157 8.289e-01   0.01260 5.403e-05    2.86316     8.464    0.828864   1909
    2025    2.16887 8.270e-01   0.01190 8.936e-06    3.00779     9.958    0.826938   1933
    2050    2.52018 8.251e-01   0.01337 4.402e-06    3.35865    11.563    0.825018   1957
    2075    2.32986 8.232e-01   0.01000 6.364e-06    3.16305     9.908    0.823103   1982
    2100    2.40536 8.213e-01   0.01092 4.594e-06    3.23755    11.918    0.821193   2006
    2125    1.89130 8.194e-01   0.01149 3.918e-06    2.72216    10.828    0.819288   2030
    2150    2.36413 8.175e-01   0.01049 7.645e-06    3.19209    12.528    0.817388   2055
    2175    1.91250 8.156e-01   0.00767 4.835e-06    2.73575    12.559    0.815493   2079
    2200    1.58810 8.137e-01   0.00800 4.917e-05    2.40983     9.984    0.813604   2103
    2225    2.38607 8.118e-01   0.01013 3.117e-06    3.20799     9.398    0.811719   2127
    2250    2.29987 8.099e-01   0.00966 3.220e-06    3.11945    10.692    0.809839   2152
    2275    2.43206 8.080e-01   0.01014 7.262e-06    3.25025    10.281    0.807964   2179
    2300    1.80156 8.062e-01   0.00742 6.703e-06    2.61515     8.902    0.806095   2203
    2325    2.41510 8.043e-01   0.01141 5.183e-06    3.23083    11.703    0.804230   2227
    2350    2.32108 8.024e-01   0.00958 3.647e-05    3.13314    10.796    0.802370   2251
    2375    2.07172 8.006e-01   0.00834 2.727e-06    2.88065     9.303    0.800515   2275
    2400    1.89278 7.987e-01   0.00791 6.320e-06    2.69944     9.320    0.798665   2299
    2425    1.57840 7.969e-01   0.00679 2.603e-06    2.38209     9.305    0.796820   2324
    2450    1.60675 7.951e-01   0.00613 5.978e-06    2.40794     9.145    0.794980   2348
    2475    1.48412 7.932e-01   0.00731 2.445e-06    2.28465    10.163    0.793144   2371
    2499    1.75059 7.915e-01   0.00748 2.508e-06    2.54953    10.583    0.791387   2395
    [checkpoint 2500]  e@8 0.3301  e@368 0.7862  nRMSE@8 0.2601  nRMSE@368 0.8409

----------------------------------------------------------------------------------
  wall clock 0.67 h (0.959 s/iter)
  final: state 1.7506e+00  bound 7.9146e-01  contact 7.4781e-03  termination 2.5080e-06
  grad norm: mean 12.074  median 11.700  p99 23.639  max 50.843
  spikes (>5x trailing 50-median): 0
  collapse fit: d(log_delta)/d(iter) = -9.3624e-05 +- 2.61e-08   (lr 0.0001, rate/lr 0.94)
    exp(log_delta): 0.999900 -> 0.791387
    iterations implied to reach the checkpoint's -14.4629: 154,478
  state-loss slope over the final 250 iterations: -7.585e-04 per iter  (still falling)

  wrote results/step5_armA_seed2_contam.json
  weights in runs/armA_seed2_contam (gitignored)
