==================================================================================
STEP 5 MAIN RUN -- armA_seed2_nll
==================================================================================
  arm A: state branch feeds back its own SAMPLE (autoregressive, faithful)
  auxiliary branch: teacher-forced in BOTH arms (system_dynamics.py:264)
  ensemble 1, batch 256, lr 0.0001, weight_decay 1e-05, 2500 iterations
  action alignment: causal, offset=1 (X-05)
  gradient clipping: NONE -- the reference has none in this path (5.7a)
  7687 training windows from episodes [0, 2, 3, 4, 5, 6, 7, 9]
  LOSS TYPE: gaussian_nll (the authors' unused branch, system_dynamics.py:285)

    iter      state     bound   contact    termin      total    |grad| exp(logdel)      s
       0  916.56836 1.000e+00   0.68700 6.876e-01  918.94299  1034.410    1.000100      1
      25  645.46021 1.002e+00   0.58526 2.506e-01  647.29840   508.912    1.002496     26
      50  457.14835 1.005e+00   0.39995 1.032e-02  458.56320   380.632    1.004679     51
      75  391.24539 1.007e+00   0.35255 3.462e-03  392.60788   338.790    1.006580     77
     100  295.67020 1.008e+00   0.33074 2.544e-03  297.01166   290.624    1.008228    102
     125  241.62851 1.010e+00   0.27452 2.421e-03  242.91510   261.264    1.009698    127
     150  233.88982 1.011e+00   0.18573 2.665e-03  235.08925   255.641    1.011084    153
     175  188.08740 1.012e+00   0.11741 2.430e-03  189.21960   288.126    1.012404    178
     200  204.27138 1.014e+00   0.09225 1.975e-03  205.37923   234.358    1.013679    204
     225  198.45328 1.015e+00   0.06583 1.497e-03  199.53548   270.826    1.014922    229
     250  155.58150 1.016e+00   0.07195 1.066e-03  156.67064   247.419    1.016171    254
     275  155.58119 1.017e+00   0.06360 8.357e-04  156.66296   192.548    1.017378    280
     300  142.81215 1.019e+00   0.05629 6.869e-04  143.88765   216.526    1.018572    305
     325  156.40388 1.020e+00   0.07245 5.402e-04  157.49657   282.424    1.019744    331
     350  140.80789 1.021e+00   0.06401 4.457e-04  141.89319   236.955    1.020891    355
     375  108.12628 1.022e+00   0.05594 3.702e-04  109.20454   180.434    1.021994    381
     400   93.97215 1.023e+00   0.05305 3.078e-04   95.04856   189.071    1.023102    406
     425  117.89676 1.024e+00   0.05432 2.617e-04  118.97549   219.542    1.024200    431
     450   92.69766 1.025e+00   0.04443 2.326e-04   93.76758   304.133    1.025292    456
     475   87.12449 1.026e+00   0.04847 2.020e-04   88.19945   204.224    1.026327    482
    [checkpoint 500]  e@8 0.4272  e@368 1.6717  nRMSE@8 0.4061  nRMSE@368 2.6583
     500   89.19849 1.027e+00   0.05327 1.828e-04   90.27924   202.820    1.027349    511
     525  100.20298 1.028e+00   0.05238 1.655e-04  101.28384   193.908    1.028344    536
     550   89.18652 1.029e+00   0.04554 1.518e-04   90.26150   165.376    1.029328    561
     575   78.58370 1.030e+00   0.04007 1.338e-04   79.65418   181.089    1.030313    587
     600   95.42457 1.031e+00   0.04453 1.157e-04   96.50047   193.000    1.031294    612
     625   77.80002 1.032e+00   0.04102 9.712e-05   78.87334   186.104    1.032243    637
     650   77.80512 1.033e+00   0.03645 8.503e-05   78.87479   239.277    1.033177    662
     675   78.64173 1.034e+00   0.03952 7.131e-05   79.71542   205.542    1.034137    688
     700   63.00064 1.035e+00   0.02929 6.294e-05   64.06504   182.609    1.035086    713
     725   66.24123 1.036e+00   0.03532 5.425e-05   67.31258   138.326    1.036016    738
     750   75.43456 1.037e+00   0.03359 4.819e-05   76.50510   171.871    1.036936    764
     775   68.46914 1.038e+00   0.03154 4.270e-05   69.53853   161.778    1.037838    789
     800   63.54619 1.039e+00   0.03014 3.856e-05   64.61507   203.099    1.038724    815
     825   47.41500 1.040e+00   0.02567 3.391e-05   48.48029   189.701    1.039622    840
     850   56.36323 1.040e+00   0.02764 3.149e-05   57.43135   165.866    1.040492    866
     875   55.12364 1.041e+00   0.03084 2.958e-05   56.19584   167.855    1.041363    891
     900   47.93280 1.042e+00   0.02358 2.757e-05   48.99857   194.587    1.042204    917
     925   50.42749 1.043e+00   0.02782 2.645e-05   51.49835   160.694    1.043053    942
     950   53.26177 1.044e+00   0.02850 2.407e-05   54.33412   192.472    1.043859    968
     975   56.50658 1.045e+00   0.02915 2.398e-05   57.58040   181.106    1.044681    994
    1000   53.45168 1.045e+00   0.02355 2.263e-05   54.52074   198.276    1.045514   1019
    1025   56.15521 1.046e+00   0.02677 2.067e-05   57.22831   170.928    1.046345   1044
    1050   53.45238 1.047e+00   0.02260 2.065e-05   54.52214   167.696    1.047176   1070
    1075   55.84143 1.048e+00   0.02342 1.950e-05   56.91286   195.480    1.048031   1096
    1100   35.13746 1.049e+00   0.01936 1.895e-05   36.20564   237.278    1.048837   1122
    1125   34.74426 1.050e+00   0.01908 1.768e-05   35.81297   161.555    1.049640   1147
    1150   34.48716 1.050e+00   0.01861 1.789e-05   35.55621   133.823    1.050454   1173
    1175   43.19212 1.051e+00   0.02273 1.675e-05   44.26609   167.321    1.051258   1198
    1200   43.61020 1.052e+00   0.02078 1.567e-05   44.68303   135.955    1.052073   1224
    1225   35.30301 1.053e+00   0.01898 1.565e-05   36.37485   167.608    1.052872   1249
    1250   44.16960 1.054e+00   0.02211 1.506e-05   45.24538   143.402    1.053680   1275
    1275   38.55421 1.054e+00   0.02019 1.461e-05   39.62885   149.349    1.054474   1300
    1300   45.58217 1.055e+00   0.01718 1.438e-05   46.65461   172.624    1.055280   1325
    1325   40.75695 1.056e+00   0.02002 1.347e-05   41.83305   211.080    1.056091   1351
    1350   41.24607 1.057e+00   0.01740 1.377e-05   42.32032   158.126    1.056870   1377
    1375   32.42557 1.058e+00   0.01560 1.337e-05   33.49879   172.833    1.057634   1402
    1400   30.86657 1.058e+00   0.01691 1.335e-05   31.94188   145.726    1.058428   1427
    1425   37.58582 1.059e+00   0.01733 1.269e-05   38.66235   178.894    1.059214   1453
    1450   37.40173 1.060e+00   0.01775 1.266e-05   38.47944   125.666    1.059979   1478
    1475   35.09415 1.061e+00   0.01641 1.192e-05   36.17130   165.050    1.060767   1504
    1500   29.66290 1.062e+00   0.01462 1.081e-05   30.73906   150.584    1.061553   1529
    1525   35.16917 1.062e+00   0.01361 1.243e-05   36.24511   152.476    1.062344   1554
    1550   34.00462 1.063e+00   0.01681 9.798e-06   35.08453   111.575    1.063126   1580
    1575   28.83047 1.064e+00   0.01398 9.978e-06   29.90835   176.469    1.063914   1606
    1600   35.17984 1.065e+00   0.01631 9.191e-06   36.26081   187.804    1.064674   1631
    1625   33.06507 1.065e+00   0.01605 8.628e-06   34.14654   150.926    1.065437   1657
    1650   30.92461 1.066e+00   0.01227 9.586e-06   32.00309   122.326    1.066234   1683
    1675   24.25506 1.067e+00   0.01360 8.455e-06   25.33566   161.211    1.067026   1708
    1700   26.82133 1.068e+00   0.01629 8.263e-06   27.90541   147.880    1.067814   1733
    1725   30.93642 1.069e+00   0.01372 8.361e-06   32.01872   157.473    1.068595   1759
    1750   23.79171 1.069e+00   0.01027 7.584e-06   24.87135   123.301    1.069391   1784
    1775   21.51210 1.070e+00   0.01171 7.171e-06   22.59396   137.073    1.070161   1809
    1800   24.97014 1.071e+00   0.01451 6.934e-06   26.05555   181.495    1.070919   1835
    1825   25.54277 1.072e+00   0.01244 6.427e-06   26.62687   138.683    1.071683   1860
    1850   28.94426 1.072e+00   0.01037 7.575e-06   30.02704   116.035    1.072426   1886
    1875   27.88932 1.073e+00   0.01266 8.296e-06   28.97512   125.925    1.073166   1911
    1900   26.51557 1.074e+00   0.01201 6.929e-06   27.60149   167.700    1.073940   1937
    1925   27.04207 1.075e+00   0.01273 6.385e-06   28.12950   134.388    1.074728   1963
    1950   28.35181 1.075e+00   0.01487 5.881e-06   29.44215   122.042    1.075491   1988
    1975   26.04956 1.076e+00   0.01216 6.331e-06   27.13795   116.436    1.076254   2014
    2000   19.93421 1.077e+00   0.00985 5.777e-06   21.02110   142.477    1.077058   2039
    2025   24.22981 1.078e+00   0.00996 5.805e-06   25.31753   141.911    1.077791   2064
    2050   21.30085 1.079e+00   0.01044 5.566e-06   22.38984   136.384    1.078569   2089
    2075   20.94557 1.079e+00   0.00924 5.031e-06   22.03410   180.713    1.079319   2115
    2100   19.73849 1.080e+00   0.00804 6.069e-06   20.82654   121.490    1.080039   2140
    2125   18.11676 1.081e+00   0.00877 4.910e-06   19.20628   126.898    1.080773   2165
    2150   19.36400 1.081e+00   0.00756 4.908e-06   20.45305   143.987    1.081520   2191
    2175   18.63198 1.082e+00   0.00738 4.696e-06   19.72160   136.456    1.082260   2216
    2200   28.30374 1.083e+00   0.01122 5.695e-06   29.39793   147.370    1.083002   2241
    2225   19.26462 1.084e+00   0.00946 4.659e-06   20.35780   104.764    1.083741   2267
    2250   18.45369 1.084e+00   0.00674 4.890e-06   19.54490   115.405    1.084503   2292
    2275   19.96486 1.085e+00   0.00962 4.583e-06   21.05972   142.239    1.085259   2318
    2300   19.72895 1.086e+00   0.00664 4.980e-06   20.82156   115.328    1.086002   2343
    2325   23.69246 1.087e+00   0.00953 4.706e-06   24.78871   121.930    1.086749   2369
    2350   15.92256 1.087e+00   0.00669 4.988e-06   17.01672   102.759    1.087499   2394
    2375   20.84432 1.088e+00   0.01087 5.536e-06   21.94341   113.850    1.088244   2419
    2400   17.65070 1.089e+00   0.00781 4.219e-06   18.74751   121.572    1.089026   2444
    2425   18.14107 1.090e+00   0.00845 4.387e-06   19.23930   168.535    1.089804   2470
    2450   15.90516 1.091e+00   0.00746 5.567e-06   17.00316   102.364    1.090567   2495
    2475   13.96350 1.091e+00   0.00597 4.281e-06   15.06078   142.040    1.091329   2520
    2499   18.79406 1.092e+00   0.00845 4.434e-06   19.89455   163.035    1.092067   2545
    [checkpoint 2500]  e@8 0.3349  e@368 0.9547  nRMSE@8 0.2889  nRMSE@368 0.9030

----------------------------------------------------------------------------------
  wall clock 0.71 h (1.019 s/iter)
  final: state 1.8794e+01  bound 1.0920e+00  contact 8.4544e-03  termination 4.4343e-06
  grad norm: mean 180.244  median 163.455  p99 509.102  max 1034.410
  spikes (>5x trailing 50-median): 0
  collapse fit: d(log_delta)/d(iter) = 3.2640e-05 +- 3.22e-07   (lr 0.0001, rate/lr 0.33)
    exp(log_delta): 1.000100 -> 1.092067
    iterations implied to reach the checkpoint's -14.4629: -443,110
  state-loss slope over the final 250 iterations: -7.726e-03 per iter  (still falling)

  wrote results/step5_armA_seed2_nll.json
  weights in runs/armA_seed2_nll (gitignored)
