==================================================================================
STEP 5 MAIN RUN -- armA_seed1_contam
==================================================================================
  arm A: state branch feeds back its own SAMPLE (autoregressive, faithful)
  auxiliary branch: teacher-forced in BOTH arms (system_dynamics.py:264)
  ensemble 1, batch 256, lr 0.0001, weight_decay 1e-05, 2500 iterations
  action alignment: causal, offset=1 (X-05)
  gradient clipping: NONE -- the reference has none in this path (5.7a)
  CONTAMINATION ARM: 7687 clean + 195 splice = 7882 windows (2.47% contaminated)

    iter      state     bound   contact    termin      total    |grad| exp(logdel)      s
       0   48.79667 1.000e+00   0.69365 6.634e-01   51.15367    48.671    0.999900      1
      25   35.54726 9.975e-01   0.60211 2.778e-01   37.42467    22.659    0.997425     25
      50   27.74403 9.951e-01   0.39232 1.283e-02   29.14424    18.597    0.994963     50
      75   23.98828 9.926e-01   0.35237 3.993e-03   25.33725    15.726    0.992512     75
     100   17.05823 9.902e-01   0.33283 2.781e-03   18.38400    14.843    0.990069    100
     125   14.66521 9.877e-01   0.28391 2.446e-03   15.93931    14.253    0.987646    125
     150   15.62003 9.853e-01   0.20872 2.483e-03   16.81658    14.702    0.985252    150
     175   12.64737 9.830e-01   0.13614 2.399e-03   13.76893    13.668    0.982925    174
     200   12.45232 9.808e-01   0.09302 2.236e-03   13.52836    11.985    0.980698    199
     225   11.39655 9.786e-01   0.07512 1.728e-03   12.45201    16.232    0.978520    224
     250   10.73867 9.764e-01   0.07126 1.351e-03   11.78771     9.996    0.976345    249
     275    9.38755 9.742e-01   0.07052 1.035e-03   10.43335    13.458    0.974158    274
     300   10.42201 9.720e-01   0.06794 8.770e-04   11.46288    13.591    0.971961    298
     325    9.50922 9.698e-01   0.06713 7.158e-04   10.54691    14.154    0.969755    323
     350    8.43893 9.676e-01   0.06068 6.292e-04    9.46787    14.171    0.967542    349
     375    8.07438 9.654e-01   0.06192 5.495e-04    9.10226    13.644    0.965324    374
     400    9.35199 9.632e-01   0.06832 4.751e-04   10.38397    17.284    0.963103    398
     425    7.73640 9.610e-01   0.05211 4.222e-04    8.74990    16.338    0.960879    423
     450    5.90633 9.587e-01   0.05497 3.818e-04    6.92043    10.249    0.958654    448
     475    7.70912 9.565e-01   0.06198 3.565e-04    8.72798    14.325    0.956429    473
    [checkpoint 500]  e@8 0.3955  e@368 1.4984  nRMSE@8 0.3383  nRMSE@368 1.6351
     500    6.12571 9.543e-01   0.05505 3.258e-04    7.13538    10.668    0.954204    502
     525    6.45233 9.521e-01   0.05720 2.978e-04    7.46190    13.653    0.951981    527
     550    5.28098 9.498e-01   0.04507 2.874e-04    6.27618    13.396    0.949759    552
     575    5.63686 9.476e-01   0.04776 2.674e-04    6.63252    11.091    0.947539    576
     600    5.86400 9.454e-01   0.04418 2.595e-04    6.85385    12.849    0.945322    602
     625    4.64119 9.432e-01   0.04120 2.453e-04    5.62583    11.268    0.943107    626
     650    4.77818 9.410e-01   0.03690 2.396e-04    5.75631    10.361    0.940896    651
     675    5.18566 9.388e-01   0.04047 2.204e-04    6.16513    11.363    0.938689    676
     700    4.42647 9.366e-01   0.03407 2.158e-04    5.39733     9.987    0.936485    701
     725    3.80244 9.344e-01   0.03175 2.007e-04    4.76875    13.127    0.934285    726
     750    4.20602 9.322e-01   0.03146 1.914e-04    5.16985    11.584    0.932089    751
     775    4.41145 9.300e-01   0.03107 1.718e-04    5.37268    11.751    0.929897    776
     800    4.47091 9.278e-01   0.03259 1.622e-04    5.43146    12.854    0.927710    800
     825    5.24866 9.256e-01   0.03730 1.538e-04    6.21173    13.929    0.925528    825
     850    4.75718 9.234e-01   0.03273 1.445e-04    5.71350    13.029    0.923351    850
     875    5.08624 9.213e-01   0.03193 1.361e-04    6.03957    14.192    0.921178    874
     900    4.13401 9.191e-01   0.03268 1.250e-04    5.08591    10.933    0.919010    899
     925    3.83971 9.169e-01   0.02822 1.206e-04    4.78498    14.084    0.916847    924
     950    4.45457 9.148e-01   0.02989 1.157e-04    5.39935    12.329    0.914690    949
     975    3.74418 9.126e-01   0.02642 1.108e-04    4.68334    13.174    0.912537    973
    1000    3.94450 9.105e-01   0.02610 1.060e-04    4.88118    14.134    0.910390    998
    1025    3.80467 9.083e-01   0.02558 1.053e-04    4.73869    12.597    0.908248   1023
    1050    3.43959 9.062e-01   0.02743 9.344e-05    4.37330    11.856    0.906112   1047
    1075    3.05702 9.041e-01   0.02497 9.800e-05    3.98615    11.031    0.903980   1073
    1100    4.02488 9.019e-01   0.02637 8.713e-05    4.95328    14.947    0.901855   1097
    1125    3.98486 8.998e-01   0.02977 9.151e-05    4.91454    12.143    0.899734   1122
    1150    3.32620 8.977e-01   0.02201 8.396e-05    4.24600     9.533    0.897619   1147
    1175    2.93314 8.956e-01   0.01891 7.635e-05    3.84772    10.340    0.895510   1171
    1200    3.31158 8.935e-01   0.02241 8.002e-05    4.22756    10.062    0.893406   1196
    1225    3.13969 8.914e-01   0.01731 6.776e-05    4.04846    10.763    0.891308   1221
    1250    3.48701 8.893e-01   0.02707 6.850e-05    4.40345    12.531    0.889215   1246
    1275    2.90676 8.872e-01   0.01807 6.451e-05    3.81210    10.724    0.887127   1270
    1300    4.43997 8.851e-01   0.02491 6.878e-05    5.35008    13.609    0.885045   1295
    1325    3.57918 8.831e-01   0.02297 5.742e-05    4.48527    13.278    0.882969   1320
    1350    3.07370 8.810e-01   0.02202 7.577e-05    3.97677    14.785    0.880898   1345
    1375    2.86928 8.789e-01   0.01743 5.890e-05    3.76569    11.559    0.878833   1369
    1400    3.44009 8.769e-01   0.01961 6.704e-05    4.33663    11.136    0.876773   1394
    1425    3.75019 8.748e-01   0.02371 6.139e-05    4.64877    13.165    0.874719   1418
    1450    3.02511 8.728e-01   0.02284 5.439e-05    3.92075    12.132    0.872671   1444
    1475    3.57648 8.707e-01   0.01938 6.736e-05    4.46664    11.873    0.870627   1469
    1500    2.78259 8.687e-01   0.02029 4.129e-05    3.67160    11.377    0.868590   1493
    1525    2.62304 8.666e-01   0.01497 3.945e-05    3.50469     9.570    0.866557   1519
    1550    3.39943 8.646e-01   0.01887 6.184e-05    4.28297    11.218    0.864531   1543
    1575    2.73252 8.626e-01   0.01779 4.152e-05    3.61295    13.424    0.862510   1568
    1600    2.11602 8.606e-01   0.01393 4.656e-05    2.99057     9.907    0.860494   1593
    1625    2.58979 8.586e-01   0.01360 4.363e-05    3.46200     8.948    0.858484   1618
    1650    2.43697 8.566e-01   0.01446 3.789e-05    3.30803    12.571    0.856479   1643
    1675    2.34906 8.546e-01   0.01347 2.871e-05    3.21712    12.739    0.854479   1668
    1700    2.68651 8.526e-01   0.01761 2.796e-05    3.55672    12.151    0.852486   1693
    1725    2.76596 8.506e-01   0.01304 2.650e-05    3.62961    11.389    0.850497   1717
    1750    2.83415 8.486e-01   0.01716 2.445e-05    3.69993    10.123    0.848514   1743
    1775    2.47860 8.466e-01   0.01557 2.531e-05    3.34081     9.528    0.846536   1767
    1800    2.42534 8.446e-01   0.01221 3.006e-05    3.28222    10.791    0.844563   1792
    1825    2.53955 8.427e-01   0.01460 2.253e-05    3.39685    11.345    0.842596   1817
    1850    2.41450 8.407e-01   0.01351 2.137e-05    3.26874    16.079    0.840634   1841
    1875    2.41366 8.388e-01   0.01140 1.985e-05    3.26384    13.807    0.838678   1866
    1900    2.44473 8.368e-01   0.01232 2.786e-05    3.29388     8.399    0.836726   1891
    1925    2.15151 8.349e-01   0.01148 2.525e-05    2.99787    11.644    0.834780   1916
    1950    2.29086 8.329e-01   0.01308 3.328e-05    3.13688    14.326    0.832839   1941
    1975    2.64106 8.310e-01   0.01242 2.205e-05    3.48449    10.910    0.830904   1965
    2000    2.06722 8.291e-01   0.00961 2.587e-05    2.90591    10.276    0.828973   1990
    2025    2.21714 8.271e-01   0.01365 2.636e-05    3.05794    11.345    0.827048   2015
    2050    1.72242 8.252e-01   0.01047 1.339e-05    2.55810    12.040    0.825128   2039
    2075    1.93590 8.233e-01   0.00991 1.619e-05    2.76912     9.561    0.823213   2064
    2100    1.97748 8.214e-01   0.00905 2.135e-05    2.80792    11.132    0.821303   2089
    2125    1.47876 8.195e-01   0.00754 1.195e-05    2.30579     9.558    0.819398   2114
    2150    2.35883 8.176e-01   0.01138 1.135e-05    3.18780    12.419    0.817499   2138
    2175    2.11317 8.157e-01   0.01015 2.450e-05    2.93902    10.964    0.815604   2165
    2200    2.43355 8.138e-01   0.01120 1.071e-05    3.25855    10.327    0.813714   2193
    2225    1.92342 8.119e-01   0.01036 9.156e-06    2.74569    11.018    0.811830   2220
    2250    2.04187 8.100e-01   0.00995 2.279e-05    2.86187     7.669    0.809950   2254
    2275    2.25158 8.082e-01   0.00972 1.299e-05    3.06946     8.890    0.808075   2280
    2300    1.77662 8.063e-01   0.00779 6.824e-06    2.59070    12.485    0.806206   2304
    2325    1.83445 8.044e-01   0.00948 2.295e-05    2.64837    10.064    0.804341   2329
    2350    2.00229 8.026e-01   0.01033 2.468e-05    2.81520    11.541    0.802481   2353
    2375    2.17445 8.007e-01   0.00907 8.371e-06    2.98423    10.335    0.800626   2377
    2400    2.00324 7.989e-01   0.00804 1.030e-05    2.81014    10.850    0.798776   2401
    2425    2.35702 7.970e-01   0.01000 1.582e-05    3.16404    10.659    0.796931   2425
    2450    2.13096 7.952e-01   0.00900 5.770e-06    2.93512     8.815    0.795091   2449
    2475    1.95275 7.933e-01   0.00731 9.761e-06    2.75340    11.442    0.793255   2472
    2499    1.84503 7.916e-01   0.00763 8.476e-06    2.64424    10.327    0.791498   2495
    [checkpoint 2500]  e@8 0.3570  e@368 0.7952  nRMSE@8 0.2855  nRMSE@368 1.0418

----------------------------------------------------------------------------------
  wall clock 0.69 h (0.999 s/iter)
  final: state 1.8450e+00  bound 7.9157e-01  contact 7.6296e-03  termination 8.4760e-06
  grad norm: mean 12.204  median 11.862  p99 22.659  max 48.671
  spikes (>5x trailing 50-median): 0
  collapse fit: d(log_delta)/d(iter) = -9.3557e-05 +- 2.59e-08   (lr 0.0001, rate/lr 0.94)
    exp(log_delta): 0.999900 -> 0.791498
    iterations implied to reach the checkpoint's -14.4629: 154,589
  state-loss slope over the final 250 iterations: -6.749e-04 per iter  (still falling)

  wrote results/step5_armA_seed1_contam.json
  weights in runs/armA_seed1_contam (gitignored)
