==================================================================================
STEP 5 MAIN RUN -- armA_seed2_ens5
==================================================================================
  arm A: state branch feeds back its own SAMPLE (autoregressive, faithful)
  auxiliary branch: teacher-forced in BOTH arms (system_dynamics.py:264)
  ensemble 5, batch 256, lr 0.0001, weight_decay 1e-05, 2500 iterations
  action alignment: causal, offset=1 (X-05)
  gradient clipping: NONE -- the reference has none in this path (5.7a)
  7687 training windows from episodes [0, 2, 3, 4, 5, 6, 7, 9]

    iter      state     bound   contact    termin      total    |grad| exp(logdel)      s
       0   50.23872 1.000e+00   0.68880 6.844e-01   52.61195    21.024    0.999900      5
      25   39.97639 9.975e-01   0.61162 3.436e-01   41.92911    12.294    0.997424    157
      50   29.49665 9.951e-01   0.42116 2.570e-02   30.93857    10.277    0.994958    309
      75   25.25754 9.926e-01   0.36782 7.911e-03   26.62587     9.201    0.992503    461
     100   19.28445 9.902e-01   0.35549 4.792e-03   20.63489     8.052    0.990061    613
     125   15.49628 9.877e-01   0.34678 3.510e-03   16.83430     8.182    0.987635    766
     150   15.07366 9.853e-01   0.33068 2.839e-03   16.39252     7.941    0.985247    918
     175   12.13107 9.830e-01   0.29202 2.490e-03   13.40861     7.196    0.982935   1070
     200   13.29181 9.808e-01   0.24148 2.411e-03   14.51650    13.655    0.980716   1222
     225   12.91828 9.786e-01   0.16827 2.583e-03   14.06775     8.316    0.978538   1375
     250   10.23539 9.764e-01   0.12504 2.757e-03   11.33964     8.963    0.976362   1527
     275   10.23002 9.743e-01   0.08961 2.422e-03   11.29631     5.844    0.974174   1679
     300    9.44341 9.721e-01   0.07156 1.891e-03   10.48893     9.796    0.971975   1832
     325   10.33069 9.699e-01   0.08224 1.490e-03   11.38428     8.074    0.969768   1983
     350    9.59682 9.676e-01   0.07278 1.168e-03   10.63841     6.540    0.967555   2136
     375    7.36320 9.654e-01   0.06295 9.558e-04    8.39253     6.557    0.965336   2288
     400    6.33563 9.632e-01   0.05831 7.898e-04    7.35793     6.478    0.963114   2440
     425    7.91879 9.610e-01   0.05915 6.759e-04    8.93960     7.975    0.960890   2592
     450    6.27176 9.588e-01   0.04942 5.923e-04    7.28053     7.672    0.958664   2744
     475    5.99159 9.565e-01   0.05371 5.051e-04    7.00233     7.627    0.956439   2902
    [checkpoint 500]  e@8 0.4261  e@368 1.1325  nRMSE@8 0.3444  nRMSE@368 1.2814
     500    6.34504 9.543e-01   0.06125 4.469e-04    7.36103     8.901    0.954213   3099
     525    7.02490 9.521e-01   0.06053 3.979e-04    8.03791     7.135    0.951989   3251
     550    6.29253 9.499e-01   0.05489 3.538e-04    7.29763     6.743    0.949767   3403
     575    5.70077 9.476e-01   0.05072 3.297e-04    6.69945     7.190    0.947546   3560
     600    6.93592 9.454e-01   0.05975 2.992e-04    7.94139     9.200    0.945329   3725
     625    5.57938 9.432e-01   0.05568 2.696e-04    6.57853     6.489    0.943114   3879
     650    5.71962 9.410e-01   0.04848 2.567e-04    6.70935     7.835    0.940902   4034
     675    5.66629 9.388e-01   0.05547 2.289e-04    6.66077     9.099    0.938694   4189
     700    4.63056 9.366e-01   0.04334 2.240e-04    5.61070     7.016    0.936490   4343
     725    4.83077 9.344e-01   0.05133 2.020e-04    5.81668     5.987    0.934290   4498
     750    5.54989 9.322e-01   0.04475 1.934e-04    6.52702     6.341    0.932093   4653
     775    5.11461 9.300e-01   0.04531 1.744e-04    6.09008     5.294    0.929902   4809
     800    4.82675 9.278e-01   0.04093 1.626e-04    5.79564     5.278    0.927714   4964
     825    3.67932 9.256e-01   0.03569 1.510e-04    4.64078     6.927    0.925532   5120
     850    4.37071 9.234e-01   0.03839 1.426e-04    5.33268     9.226    0.923354   5275
     875    4.14822 9.213e-01   0.03919 1.343e-04    5.10881     8.243    0.921181   5431
     900    3.65306 9.191e-01   0.03119 1.303e-04    4.60349     9.553    0.919013   5586
     925    3.84319 9.169e-01   0.03587 1.208e-04    4.79612     7.288    0.916850   5742
     950    4.01191 9.148e-01   0.03490 1.124e-04    4.96171     5.811    0.914693   5899
     975    4.23991 9.126e-01   0.03461 1.075e-04    5.18726     6.524    0.912540   6056
    1000    4.12300 9.105e-01   0.02843 1.005e-04    5.06201     8.054    0.910393   6214
    1025    4.29654 9.083e-01   0.03277 9.189e-05    5.23773     7.115    0.908251   6371
    1050    4.09353 9.062e-01   0.02793 8.851e-05    5.02775     6.642    0.906114   6527
    1075    4.26613 9.041e-01   0.02825 8.193e-05    5.19853     8.624    0.903983   6684
    1100    2.78111 9.019e-01   0.02385 7.682e-05    3.70698     8.707    0.901857   6840
    1125    2.74029 8.998e-01   0.02331 7.114e-05    3.66349     6.822    0.899736   6996
    1150    2.80172 8.977e-01   0.02322 6.677e-05    3.72271     7.879    0.897621   7154
    1175    3.39362 8.956e-01   0.02711 6.119e-05    4.31640     6.602    0.895512   7325
    1200    3.45279 8.935e-01   0.02573 5.620e-05    4.37207     5.105    0.893408   7480
    1225    2.84447 8.914e-01   0.02417 5.416e-05    3.76009     7.687    0.891310   7634
    1250    3.49669 8.893e-01   0.02664 5.005e-05    4.41268     5.581    0.889217   7788
    1275    3.13504 8.872e-01   0.02386 4.789e-05    4.04616     6.414    0.887129   7974
    1300    3.65640 8.851e-01   0.02073 4.592e-05    4.56231     7.193    0.885047   8169
    1325    3.24215 8.831e-01   0.02380 4.292e-05    4.14905     9.135    0.882971   8323
    1350    3.28139 8.810e-01   0.02132 4.104e-05    4.18374     6.387    0.880900   8477
    1375    2.64524 8.789e-01   0.01894 3.891e-05    3.54313     6.923    0.878835   8631
    1400    2.51782 8.769e-01   0.01976 3.777e-05    3.41448     6.011    0.876776   8786
    1425    2.99778 8.748e-01   0.02021 3.623e-05    3.89282     5.276    0.874722   8940
    1450    3.03185 8.728e-01   0.02041 3.519e-05    3.92504     6.100    0.872673   9095
    1475    2.84156 8.707e-01   0.01984 3.348e-05    3.73215     6.421    0.870630   9250
    1500    2.49671 8.687e-01   0.01682 3.158e-05    3.38224     6.983    0.868592   9405
    1525    2.90282 8.666e-01   0.01654 3.212e-05    3.78603     6.050    0.866560   9561
    1550    2.78434 8.646e-01   0.01899 2.929e-05    3.66797     6.610    0.864534   9716
    1575    2.38956 8.626e-01   0.01629 2.871e-05    3.26847     6.058    0.862513   9871
    1600    2.87016 8.606e-01   0.01853 2.744e-05    3.74929     7.954    0.860497  10027
    1625    2.68292 8.586e-01   0.01854 2.638e-05    3.56005     5.217    0.858487  10182
    1650    2.60762 8.566e-01   0.01561 2.745e-05    3.47981     6.515    0.856482  10337
    1675    2.07161 8.546e-01   0.01599 2.533e-05    2.94219    10.795    0.854483  10492
    1700    2.27916 8.526e-01   0.01845 2.613e-05    3.15021     8.316    0.852489  10648
    1725    2.58633 8.506e-01   0.01589 2.469e-05    3.45282     6.449    0.850501  10808
    1750    2.05464 8.486e-01   0.01251 2.414e-05    2.91577     5.026    0.848518  10965
    1775    1.87862 8.466e-01   0.01445 2.257e-05    2.73972     4.953    0.846540  11126
    1800    2.11687 8.446e-01   0.01645 2.447e-05    2.97799     5.414    0.844568  11287
    1825    2.20888 8.427e-01   0.01436 2.181e-05    3.06594     7.158    0.842601  11449
    1850    2.43215 8.407e-01   0.01291 2.118e-05    3.28580     7.181    0.840639  11611
    1875    2.39810 8.388e-01   0.01461 2.113e-05    3.25149     4.424    0.838683  11772
    1900    2.25293 8.368e-01   0.01390 2.022e-05    3.10366     7.719    0.836731  11934
    1925    2.31722 8.349e-01   0.01486 2.104e-05    3.16696     5.354    0.834785  12094
    1950    2.44619 8.329e-01   0.01762 1.866e-05    3.29675     6.225    0.832845  12254
    1975    2.27702 8.310e-01   0.01476 1.929e-05    3.12278     7.259    0.830909  12414
    2000    1.78794 8.291e-01   0.01160 1.777e-05    2.62861     7.969    0.828979  12574
    2025    2.14812 8.271e-01   0.01178 2.026e-05    2.98705     6.359    0.827054  12734
    2050    1.91437 8.252e-01   0.01204 2.148e-05    2.75164     4.795    0.825134  12892
    2075    1.86670 8.233e-01   0.01066 1.616e-05    2.70067     5.842    0.823219  13053
    2100    1.79750 8.214e-01   0.01019 1.683e-05    2.62909     4.638    0.821310  13213
    2125    1.67492 8.195e-01   0.01023 1.554e-05    2.50464     8.155    0.819405  13372
    2150    1.76157 8.176e-01   0.00909 1.525e-05    2.58825     4.749    0.817506  13531
    2175    1.69010 8.157e-01   0.00889 1.466e-05    2.51470     7.795    0.815611  13689
    2200    2.47523 8.138e-01   0.01368 1.485e-05    3.30272     7.011    0.813722  13850
    2225    1.77069 8.119e-01   0.01162 1.487e-05    2.59423     5.250    0.811838  14014
    2250    1.68310 8.100e-01   0.00835 1.422e-05    2.50150     4.903    0.809958  14181
    2275    1.83094 8.082e-01   0.01116 1.414e-05    2.65027     5.352    0.808084  14352
    2300    1.83775 8.063e-01   0.00857 1.783e-05    2.65262     5.548    0.806215  14526
    2325    2.10741 8.044e-01   0.01196 1.337e-05    2.92381     5.416    0.804350  14710
    2350    1.51921 8.026e-01   0.00826 1.318e-05    2.33005     6.409    0.802491  14919
    2375    1.91994 8.007e-01   0.01151 1.744e-05    2.73218     4.863    0.800636  15141
    2400    1.66419 7.989e-01   0.01010 1.194e-05    2.47316     4.775    0.798786  15329
    2425    1.69597 7.970e-01   0.01004 1.231e-05    2.50304     9.546    0.796941  15497
    2450    1.52469 7.952e-01   0.00859 1.627e-05    2.32847     5.924    0.795101  15660
    2475    1.36300 7.933e-01   0.00721 1.214e-05    2.16356     7.230    0.793266  15821
    2499    1.77459 7.916e-01   0.01057 1.455e-05    2.57676     8.978    0.791509  15971
    [checkpoint 2500]  e@8 0.3338  e@368 0.6426  nRMSE@8 0.2578  nRMSE@368 0.8305

----------------------------------------------------------------------------------
  wall clock 4.44 h (6.392 s/iter)
  final: state 1.7746e+00  bound 7.9158e-01  contact 1.0572e-02  termination 1.4552e-05
  grad norm: mean 7.089  median 6.758  p99 12.664  max 21.024
  spikes (>5x trailing 50-median): 0
  collapse fit: d(log_delta)/d(iter) = -9.3556e-05 +- 2.61e-08   (lr 0.0001, rate/lr 0.94)
    exp(log_delta): 0.999900 -> 0.791509
    iterations implied to reach the checkpoint's -14.4629: 154,592
  state-loss slope over the final 250 iterations: -4.754e-04 per iter  (still falling)

  wrote results/step5_armA_seed2_ens5.json
  weights in runs/armA_seed2_ens5 (gitignored)
