==================================================================================
STEP 5 MAIN RUN -- armA_seed0
==================================================================================
  arm A: state branch feeds back its own SAMPLE (autoregressive, faithful)
  auxiliary branch: teacher-forced in BOTH arms (system_dynamics.py:264)
  ensemble 1, batch 256, lr 0.0001, weight_decay 1e-05, 2500 iterations
  action alignment: causal, offset=1 (X-05)
  gradient clipping: NONE -- the reference has none in this path (5.7a)
  7687 training windows from episodes [0, 2, 3, 4, 5, 6, 7, 9]

    iter      state     bound   contact    termin      total    |grad| exp(logdel)      s
       0   47.63628 1.000e+00   0.68669 7.043e-01   50.02722    53.088    0.999900      1
      25   33.43483 9.975e-01   0.59033 2.818e-01   35.30444    23.407    0.997428     29
      50   27.20879 9.951e-01   0.39998 1.593e-02   28.61976    18.146    0.994962     59
      75   21.22186 9.926e-01   0.34701 5.102e-03   22.56658    17.162    0.992514     90
     100   15.36695 9.902e-01   0.30506 3.818e-03   16.66600    13.281    0.990077    120
     125   16.07472 9.878e-01   0.22771 3.664e-03   17.29385    13.172    0.987663    152
     150   12.22818 9.854e-01   0.14245 3.464e-03   13.35947    17.099    0.985283    182
     175   12.59744 9.831e-01   0.10173 2.772e-03   13.68501    11.511    0.982987    214
     200   12.82781 9.809e-01   0.08200 2.359e-03   13.89304    16.155    0.980787    247
     225   10.04227 9.787e-01   0.07346 1.747e-03   11.09618    12.770    0.978612    281
     250   10.28933 9.765e-01   0.07172 1.352e-03   11.33891    11.000    0.976428    315
     275   10.49264 9.743e-01   0.06990 1.138e-03   11.53800    13.830    0.974231    349
     300    9.35326 9.721e-01   0.07282 8.997e-04   10.39909    13.312    0.972023    380
     325    8.01599 9.699e-01   0.06300 7.794e-04    9.04967    13.649    0.969808    412
     350    7.53989 9.677e-01   0.05050 7.082e-04    8.55878    14.253    0.967586    447
     375    7.84008 9.654e-01   0.05610 6.012e-04    8.86223    12.528    0.965360    489
     400    6.06045 9.632e-01   0.05154 5.342e-04    7.07575    10.498    0.963131    531
     425    7.18890 9.610e-01   0.05975 4.866e-04    8.21013    12.618    0.960901    574
     450    6.61124 9.588e-01   0.05486 4.451e-04    7.62531    13.611    0.958669    623
     475    5.31548 9.565e-01   0.05259 4.044e-04    6.32501    11.829    0.956438    664
    [checkpoint 500]  e@8 0.3995  e@368 2.5589  nRMSE@8 0.3643  nRMSE@368 3.5351
     500    6.10936 9.543e-01   0.05367 3.731e-04    7.11770    10.635    0.954207    714
     525    4.80104 9.521e-01   0.04687 3.277e-04    5.80030    12.700    0.951978    758
     550    8.25384 9.498e-01   0.06243 2.813e-04    9.26640    12.999    0.949751    800
     575    5.78035 9.476e-01   0.05321 2.491e-04    6.78143    12.055    0.947526    841
     600    5.76366 9.454e-01   0.04588 2.186e-04    6.75515    12.857    0.945304    884
     625    5.04940 9.432e-01   0.04792 1.970e-04    6.04069    15.376    0.943085    928
     650    4.37952 9.410e-01   0.03923 1.775e-04    5.35988    11.439    0.940870    971
     675    4.69907 9.387e-01   0.04477 1.623e-04    5.68275    12.152    0.938658   1015
     700    3.82385 9.365e-01   0.03650 1.501e-04    4.79704    11.833    0.936450   1058
     725    4.47615 9.343e-01   0.03496 1.340e-04    5.44557    12.174    0.934246   1103
     750    4.48421 9.321e-01   0.03831 1.177e-04    5.45477    11.726    0.932047   1146
     775    4.81559 9.299e-01   0.04019 1.057e-04    5.78582    11.389    0.929852   1191
     800    3.93304 9.278e-01   0.03240 9.793e-05    4.89329    10.382    0.927662   1236
     825    4.87387 9.256e-01   0.03595 8.807e-05    5.83548    11.633    0.925477   1281
     850    3.86665 9.234e-01   0.03332 7.940e-05    4.82343    11.762    0.923296   1328
     875    3.81484 9.212e-01   0.03290 7.151e-05    4.76902    11.055    0.921121   1374
     900    3.67721 9.190e-01   0.02877 6.643e-05    4.62509    10.754    0.918951   1423
     925    3.46424 9.169e-01   0.02700 6.023e-05    4.40818     9.475    0.916785   1470
     950    3.64873 9.147e-01   0.02615 5.649e-05    4.58965    12.333    0.914625   1519
     975    2.63788 9.126e-01   0.02532 5.159e-05    3.57582     8.711    0.912471   1566
    1000    3.70902 9.104e-01   0.02768 5.004e-05    4.64715     9.142    0.910321   1615
    1025    2.91749 9.083e-01   0.02414 4.652e-05    3.84994    10.627    0.908177   1662
    1050    3.01246 9.061e-01   0.02203 4.266e-05    3.94067    10.013    0.906039   1710
    1075    3.24377 9.040e-01   0.02627 4.133e-05    4.17407    11.282    0.903906   1758
    1100    3.17639 9.019e-01   0.02483 3.885e-05    4.10312     9.382    0.901778   1805
    1125    3.35417 8.997e-01   0.02220 3.799e-05    4.27615     9.127    0.899656   1854
    1150    2.67871 8.976e-01   0.02141 3.458e-05    3.59778     8.344    0.897539   1900
    1175    3.32099 8.955e-01   0.02426 3.249e-05    4.24079    11.393    0.895428   1950
    1200    2.67984 8.934e-01   0.02022 3.138e-05    3.59350    10.326    0.893323   1998
    1225    3.29368 8.913e-01   0.02280 2.951e-05    4.20781    12.792    0.891223   2047
    1250    2.46342 8.892e-01   0.01899 2.853e-05    3.37165     9.622    0.889129   2096
    1275    2.44111 8.871e-01   0.01767 2.846e-05    3.34593     9.332    0.887040   2144
    1300    2.75748 8.850e-01   0.02054 2.503e-05    3.66309     9.337    0.884957   2192
    1325    2.63333 8.830e-01   0.01714 2.580e-05    3.53346    10.786    0.882879   2239
    1350    2.50626 8.809e-01   0.01914 2.533e-05    3.40632    11.172    0.880807   2286
    1375    2.36944 8.788e-01   0.01638 2.352e-05    3.26467     8.477    0.878741   2336
    1400    2.52688 8.768e-01   0.01738 2.279e-05    3.42105     9.340    0.876680   2385
    1425    2.55250 8.747e-01   0.01639 2.186e-05    3.44362    11.184    0.874625   2432
    1450    3.20675 8.727e-01   0.01815 2.113e-05    4.09758    13.297    0.872575   2479
    1475    2.44773 8.706e-01   0.01712 1.906e-05    3.33548     9.102    0.870531   2525
    1500    2.68800 8.686e-01   0.01707 1.734e-05    3.57366     9.347    0.868493   2573
    1525    2.60286 8.665e-01   0.01741 1.443e-05    3.48683    10.658    0.866460   2621
    1550    2.97695 8.645e-01   0.01847 1.366e-05    3.85994     8.700    0.864432   2669
    1575    1.95810 8.625e-01   0.01543 1.119e-05    2.83603    12.580    0.862410   2717
    1600    2.35666 8.605e-01   0.01260 1.010e-05    3.22975    12.102    0.860394   2764
    1625    2.02032 8.585e-01   0.01353 8.669e-06    2.89233     8.228    0.858383   2812
    1650    2.36001 8.565e-01   0.01539 7.671e-06    3.23186     9.951    0.856377   2858
    1675    1.80448 8.545e-01   0.01151 7.701e-06    2.67046     8.765    0.854377   2906
    1700    2.23877 8.525e-01   0.01112 7.068e-06    3.10236    11.540    0.852383   2952
    1725    1.92304 8.505e-01   0.01344 6.594e-06    2.78695    10.672    0.850393   3002
    1750    1.84627 8.485e-01   0.01159 6.532e-06    2.70635     8.118    0.848410   3049
    1775    2.03476 8.465e-01   0.01240 5.715e-06    2.89367     9.133    0.846431   3095
    1800    2.60864 8.445e-01   0.01477 6.177e-06    3.46795     9.489    0.844458   3142
    1825    2.33013 8.426e-01   0.01490 5.870e-06    3.18760     8.633    0.842490   3192
    1850    2.01535 8.406e-01   0.01320 5.429e-06    2.86915     9.358    0.840528   3243
    1875    1.92260 8.386e-01   0.01264 5.028e-06    2.77389     8.009    0.838571   3297
    1900    1.85414 8.367e-01   0.01079 5.094e-06    2.70163     9.700    0.836619   3350
    1925    2.10348 8.347e-01   0.01452 5.459e-06    2.95276     7.964    0.834673   3403
    1950    1.91388 8.328e-01   0.01135 4.841e-06    2.75804    10.777    0.832731   3454
    1975    1.64957 8.309e-01   0.01044 4.610e-06    2.49088    11.178    0.830795   3505
    2000    2.19578 8.289e-01   0.01115 8.782e-06    3.03588     9.617    0.828865   3558
    2025    1.80758 8.270e-01   0.00879 8.502e-06    2.64340     8.501    0.826939   3610
    2050    1.65477 8.251e-01   0.00958 4.503e-06    2.48945     9.087    0.825019   3661
    2075    1.60149 8.232e-01   0.01141 4.004e-06    2.43608     9.472    0.823103   3713
    2100    1.73540 8.213e-01   0.00900 7.365e-06    2.56568     8.017    0.821193   3769
    2125    1.94821 8.194e-01   0.01041 4.555e-06    2.77799     9.053    0.819288   3822
    2150    1.79806 8.175e-01   0.00983 6.944e-06    2.62535     9.061    0.817388   3874
    2175    1.51728 8.156e-01   0.00926 8.761e-06    2.34213     8.236    0.815493   3926
    2200    1.74131 8.137e-01   0.00904 3.624e-06    2.56404     9.303    0.813604   3981
    2225    1.83815 8.118e-01   0.00844 3.912e-06    2.65838    13.165    0.811719   4034
    2250    1.52810 8.099e-01   0.00964 3.662e-06    2.34766    10.756    0.809839   4089
    2275    1.51756 8.080e-01   0.00866 3.748e-06    2.33427    10.405    0.807964   4141
    2300    1.58221 8.062e-01   0.00846 4.289e-06    2.39684     8.927    0.806094   4194
    2325    1.58453 8.043e-01   0.00979 3.085e-06    2.39863     9.295    0.804229   4245
    2350    1.42621 8.024e-01   0.00806 7.286e-06    2.23672     9.478    0.802370   4298
    2375    1.65300 8.006e-01   0.00962 3.132e-06    2.46321    10.493    0.800514   4353
    2400    1.43259 7.987e-01   0.00838 6.777e-06    2.23971     9.194    0.798664   4406
    2425    1.89314 7.969e-01   0.00949 6.970e-06    2.69953    12.742    0.796819   4459
    2450    1.41491 7.951e-01   0.00633 2.971e-06    2.21629    11.527    0.794979   4512
    2475    1.31074 7.932e-01   0.00713 3.134e-06    2.11109    11.925    0.793143   4566
    2499    1.55882 7.915e-01   0.00997 2.912e-06    2.36025    12.181    0.791385   4617
    [checkpoint 2500]  e@8 0.3163  e@368 0.7938  nRMSE@8 0.2700  nRMSE@368 1.0460

----------------------------------------------------------------------------------
  wall clock 1.28 h (1.850 s/iter)
  final: state 1.5588e+00  bound 7.9146e-01  contact 9.9697e-03  termination 2.9117e-06
  grad norm: mean 11.284  median 10.725  p99 23.792  max 53.088
  spikes (>5x trailing 50-median): 0
  collapse fit: d(log_delta)/d(iter) = -9.3641e-05 +- 2.64e-08   (lr 0.0001, rate/lr 0.94)
    exp(log_delta): 0.999900 -> 0.791385
    iterations implied to reach the checkpoint's -14.4629: 154,451
  state-loss slope over the final 250 iterations: -7.588e-04 per iter  (still falling)

  wrote results/step5_armA_seed0.json
  weights in runs/armA_seed0 (gitignored)
