==================================================================================
STEP 5 MAIN RUN -- armA_seed0_ens5
==================================================================================
  arm A: state branch feeds back its own SAMPLE (autoregressive, faithful)
  auxiliary branch: teacher-forced in BOTH arms (system_dynamics.py:264)
  ensemble 5, batch 256, lr 0.0001, weight_decay 1e-05, 2500 iterations
  action alignment: causal, offset=1 (X-05)
  gradient clipping: NONE -- the reference has none in this path (5.7a)
  7687 training windows from episodes [0, 2, 3, 4, 5, 6, 7, 9]

    iter      state     bound   contact    termin      total    |grad| exp(logdel)      s
       0   46.61878 1.000e+00   0.69126 7.157e-01   49.02577    20.673    0.999900      8
      25   36.46743 9.975e-01   0.61410 3.522e-01   38.43126    11.862    0.997421    157
      50   30.19718 9.951e-01   0.41605 2.213e-02   31.63042    10.447    0.994956    316
      75   23.33941 9.926e-01   0.36617 6.621e-03   24.70480     9.122    0.992502    470
     100   16.80895 9.902e-01   0.35527 3.971e-03   18.15835     8.000    0.990059    628
     125   17.34058 9.877e-01   0.35078 2.849e-03   18.68194     7.223    0.987632    791
     150   13.11279 9.853e-01   0.34348 2.203e-03   14.44380     9.518    0.985237    970
     175   13.60241 9.830e-01   0.33584 1.881e-03   14.92314     6.315    0.982910   1184
     200   13.85016 9.808e-01   0.30349 1.822e-03   15.13625     9.061    0.980682   1398
     225   10.81439 9.786e-01   0.24294 1.972e-03   12.03789     6.855    0.978508   1577
     250   11.16212 9.764e-01   0.17050 2.214e-03   12.31126     6.368    0.976335   1778
     275   11.52114 9.742e-01   0.11714 2.022e-03   12.61454     8.498    0.974151   1945
     300    9.92552 9.720e-01   0.09426 1.768e-03   10.99359     7.036    0.971957   2106
     325    8.71221 9.698e-01   0.07734 1.450e-03    9.76084     7.217    0.969755   2265
     350    8.21021 9.676e-01   0.06060 1.175e-03    9.23962     7.940    0.967545   2420
     375    8.52270 9.654e-01   0.06466 9.364e-04    9.55371     7.565    0.965330   2572
     400    6.54648 9.632e-01   0.05746 7.740e-04    7.56792     6.998    0.963111   2723
     425    7.81606 9.610e-01   0.06506 6.446e-04    8.84275     7.279    0.960890   2869
     450    7.31766 9.588e-01   0.05976 5.439e-04    8.33672     7.246    0.958667   3014
     475    5.84492 9.565e-01   0.05718 4.633e-04    6.85909     7.791    0.956444   3158
    [checkpoint 500]  e@8 0.3963  e@368 1.6528  nRMSE@8 0.3193  nRMSE@368 1.5262
     500    7.03505 9.543e-01   0.05828 4.094e-04    8.04804     6.265    0.954222   3309
     525    5.30983 9.521e-01   0.05196 3.571e-04    6.31423     7.583    0.952000   3450
     550    9.15151 9.499e-01   0.06855 3.141e-04   10.17024     8.018    0.949780   3591
     575    6.47964 9.476e-01   0.05919 2.798e-04    7.48676     7.121    0.947561   3732
     600    6.58783 9.454e-01   0.05369 2.526e-04    7.58720     6.506    0.945346   3870
     625    5.67186 9.432e-01   0.05585 2.203e-04    6.67115     8.451    0.943133   4007
     650    4.91683 9.410e-01   0.04732 1.995e-04    5.90536     4.972    0.940923   4142
     675    5.34500 9.388e-01   0.05686 1.800e-04    6.34084     7.094    0.938716   4278
     700    4.33092 9.366e-01   0.04806 1.651e-04    5.31575     7.119    0.936514   4413
     725    5.05251 9.344e-01   0.04903 1.526e-04    6.03610     7.758    0.934315   4548
     750    4.98394 9.322e-01   0.05123 1.407e-04    5.96752     6.387    0.932120   4681
     775    5.44561 9.300e-01   0.05253 1.291e-04    6.42829     6.606    0.929930   4815
     800    4.45173 9.278e-01   0.04312 1.229e-04    5.42280     7.317    0.927744   4950
     825    5.42201 9.256e-01   0.04527 1.162e-04    6.39305     8.152    0.925563   5084
     850    4.32328 9.235e-01   0.03938 1.097e-04    5.28624     6.388    0.923386   5218
     875    4.31723 9.213e-01   0.03824 1.023e-04    5.27688     7.285    0.921214   5354
     900    4.05734 9.191e-01   0.03369 9.760e-05    5.01027     5.619    0.919047   5489
     925    3.79328 9.170e-01   0.03160 9.128e-05    4.74195     5.919    0.916886   5627
     950    4.06013 9.148e-01   0.03054 8.575e-05    5.00557     8.528    0.914729   5766
     975    2.88695 9.127e-01   0.02936 7.877e-05    3.82905     5.443    0.912577   5905
    1000    4.13603 9.105e-01   0.03082 7.380e-05    5.07744     5.823    0.910431   6043
    1025    3.19863 9.084e-01   0.02801 6.865e-05    4.13508     7.593    0.908290   6182
    1050    3.30048 9.062e-01   0.02619 6.359e-05    4.23298     6.294    0.906154   6322
    1075    3.61146 9.041e-01   0.03056 5.918e-05    4.54619     5.051    0.904023   6460
    1100    3.45619 9.020e-01   0.02892 5.552e-05    4.38715     5.373    0.901898   6598
    1125    3.71508 8.999e-01   0.02659 5.209e-05    4.64158     5.459    0.899778   6736
    1150    2.95622 8.977e-01   0.02583 4.967e-05    3.87984     6.790    0.897664   6875
    1175    3.64783 8.956e-01   0.02763 4.697e-05    4.57114     5.901    0.895555   7013
    1200    2.88918 8.935e-01   0.02433 4.484e-05    3.80709     5.413    0.893452   7151
    1225    3.55072 8.914e-01   0.02693 4.254e-05    4.46913     7.892    0.891354   7288
    1250    2.66001 8.893e-01   0.02252 4.103e-05    3.57192     5.336    0.889262   7425
    1275    2.67329 8.873e-01   0.02133 4.032e-05    3.58192     4.243    0.887175   7562
    1300    2.96747 8.852e-01   0.02382 3.788e-05    3.87651     4.777    0.885094   7699
    1325    2.84621 8.831e-01   0.02058 3.742e-05    3.74993     5.403    0.883018   7837
    1350    2.72009 8.810e-01   0.02242 3.598e-05    3.62358     4.752    0.880948   7974
    1375    2.59841 8.790e-01   0.01851 3.582e-05    3.49593     5.534    0.878883   8110
    1400    2.72485 8.769e-01   0.01937 3.920e-05    3.62117     5.639    0.876824   8248
    1425    2.71249 8.749e-01   0.01899 3.289e-05    3.60637     5.009    0.874770   8385
    1450    3.46703 8.728e-01   0.02143 4.045e-05    4.36131     6.501    0.872722   8522
    1475    2.63559 8.708e-01   0.01995 3.076e-05    3.52633     6.277    0.870679   8658
    1500    2.94708 8.687e-01   0.01865 3.056e-05    3.83449     6.433    0.868642   8794
    1525    2.83508 8.667e-01   0.01975 3.441e-05    3.72156     5.630    0.866610   8931
    1550    3.26136 8.647e-01   0.02042 5.287e-05    4.14650     6.637    0.864584   9069
    1575    2.08793 8.626e-01   0.01731 3.656e-05    2.96792     6.336    0.862563   9205
    1600    2.49554 8.606e-01   0.01404 3.307e-05    3.37024     7.871    0.860548   9342
    1625    2.16355 8.586e-01   0.01524 2.477e-05    3.03743     6.597    0.858538   9480
    1650    2.49261 8.566e-01   0.01714 2.370e-05    3.36639     5.695    0.856534   9618
    1675    1.92768 8.546e-01   0.01276 2.416e-05    2.79508     6.538    0.854535   9756
    1700    2.37029 8.526e-01   0.01253 2.362e-05    3.23547     5.301    0.852541   9893
    1725    2.08840 8.506e-01   0.01494 2.267e-05    2.95400    10.748    0.850553  10029
    1750    1.99908 8.486e-01   0.01288 2.929e-05    2.86063     7.269    0.848570  10166
    1775    2.17186 8.467e-01   0.01383 2.110e-05    3.03239     6.562    0.846593  10315
    1800    2.76852 8.447e-01   0.01623 3.331e-05    3.62948     4.923    0.844621  10495
    1825    2.51566 8.427e-01   0.01606 2.061e-05    3.37447     7.608    0.842654  10634
    1850    2.16218 8.408e-01   0.01403 2.016e-05    3.01700     5.868    0.840692  10774
    1875    2.03058 8.388e-01   0.01397 1.919e-05    2.88338     5.785    0.838736  10914
    1900    1.94967 8.369e-01   0.01140 1.941e-05    2.79796     4.939    0.836785  11053
    1925    2.25300 8.349e-01   0.01610 1.888e-05    3.10404     6.553    0.834839  11194
    1950    2.01303 8.330e-01   0.01318 1.827e-05    2.85920     4.847    0.832899  11332
    1975    1.76145 8.310e-01   0.01128 1.789e-05    2.60379     8.976    0.830963  11471
    2000    2.32431 8.291e-01   0.01214 4.243e-05    3.16560     5.506    0.829033  11610
    2025    1.92427 8.272e-01   0.00963 3.415e-05    2.76112     7.295    0.827108  11750
    2050    1.73638 8.253e-01   0.01017 1.780e-05    2.57183     4.123    0.825189  11890
    2075    1.69157 8.234e-01   0.01224 1.655e-05    2.52718     8.955    0.823274  12029
    2100    1.85953 8.214e-01   0.00934 2.788e-05    2.69033     4.381    0.821364  12168
    2125    2.06928 8.195e-01   0.01069 1.702e-05    2.89952     4.794    0.819460  12307
    2150    1.89743 8.176e-01   0.01006 2.323e-05    2.72515     3.958    0.817561  12447
    2175    1.60475 8.157e-01   0.00964 2.594e-05    2.43015     6.509    0.815666  12587
    2200    1.85425 8.139e-01   0.01003 1.809e-05    2.67815     5.618    0.813777  12727
    2225    1.92678 8.120e-01   0.00904 1.586e-05    2.74780     5.108    0.811893  12866
    2250    1.61172 8.101e-01   0.01105 1.487e-05    2.43287     5.011    0.810013  13006
    2275    1.61613 8.082e-01   0.00887 1.627e-05    2.43324     5.464    0.808139  13146
    2300    1.67225 8.063e-01   0.00892 1.646e-05    2.48753     5.798    0.806270  13286
    2325    1.64955 8.045e-01   0.01026 1.383e-05    2.46431     6.003    0.804405  13426
    2350    1.50707 8.026e-01   0.00830 2.572e-05    2.31802     6.584    0.802546  13564
    2375    1.74375 8.008e-01   0.01097 1.497e-05    2.55550     5.004    0.800691  13704
    2400    1.50285 7.989e-01   0.00913 2.834e-05    2.31092     9.980    0.798842  13844
    2425    2.00975 7.971e-01   0.01030 2.434e-05    2.81714     4.723    0.796997  13984
    2450    1.50778 7.952e-01   0.00773 1.313e-05    2.31075     8.113    0.795157  14125
    2475    1.35007 7.934e-01   0.00748 1.335e-05    2.15096     5.630    0.793321  14265
    2499    1.60961 7.916e-01   0.00962 1.302e-05    2.41088     6.436    0.791564  14399
    [checkpoint 2500]  e@8 0.2611  e@368 0.7206  nRMSE@8 0.2133  nRMSE@368 0.9196

----------------------------------------------------------------------------------
  wall clock 4.00 h (5.763 s/iter)
  final: state 1.6096e+00  bound 7.9164e-01  contact 9.6201e-03  termination 1.3021e-05
  grad norm: mean 6.742  median 6.432  p99 12.214  max 20.673
  spikes (>5x trailing 50-median): 0
  collapse fit: d(log_delta)/d(iter) = -9.3518e-05 +- 2.61e-08   (lr 0.0001, rate/lr 0.94)
    exp(log_delta): 0.999900 -> 0.791564
    iterations implied to reach the checkpoint's -14.4629: 154,653
  state-loss slope over the final 250 iterations: -8.503e-04 per iter  (still falling)

  wrote results/step5_armA_seed0_ens5.json
  weights in runs/armA_seed0_ens5 (gitignored)
